year    05      50       95
2007    -0.001    0.001     0.005
2008    -0.001    0.001     0.005
2009    -0.001    0.001     0.006
2010    -0.001    0.001     0.006
2011    -0.002    0.001     0.007
2012    -0.002    0.002     0.007
2013    -0.002    0.002     0.008
2014    -0.002    0.002     0.009
2015    -0.002    0.002     0.009
2016    -0.002    0.002     0.010
2017    -0.002    0.002     0.011
2018    -0.002    0.002     0.011
2019    -0.003    0.003     0.012
2020    -0.003    0.003     0.013
2021    -0.003    0.003     0.014
2022    -0.003    0.003     0.014
2023    -0.003    0.004     0.015
2024    -0.003    0.004     0.016
2025    -0.003    0.004     0.016
2026    -0.003    0.004     0.017
2027    -0.003    0.004     0.018
2028    -0.003    0.005     0.019
2029    -0.003    0.005     0.019
2030    -0.003    0.005     0.020
2031    -0.003    0.006     0.021
2032    -0.003    0.006     0.022
2033    -0.003    0.006     0.023
2034    -0.003    0.007     0.024
2035    -0.003    0.007     0.025
2036    -0.003    0.007     0.026
2037    -0.003    0.007     0.027
2038    -0.003    0.008     0.028
2039    -0.003    0.008     0.029
2040    -0.003    0.009     0.030
2041    -0.002    0.009     0.032
2042    -0.002    0.010     0.033
2043    -0.002    0.011     0.034
2044    -0.002    0.011     0.036
2045    -0.002    0.011     0.036
2046    -0.002    0.012     0.038
2047    -0.002    0.013     0.039
2048    -0.001    0.013     0.041
2049    -0.001    0.014     0.043
2050    -0.001    0.014     0.044
2051    -0.001    0.015     0.046
2052    -0.001    0.016     0.047
2053    -0.001    0.016     0.049
2054    -0.000    0.017     0.050
2055    -0.001    0.017     0.051
2056    -0.000    0.018     0.053
2057     0.000    0.019     0.055
2058     0.000    0.019     0.056
2059     0.000    0.020     0.058
2060     0.001    0.021     0.060
2061     0.001    0.022     0.062
2062     0.001    0.022     0.064
2063     0.002    0.023     0.066
2064     0.002    0.024     0.067
2065     0.002    0.024     0.069
2066     0.002    0.025     0.070
2067     0.002    0.026     0.072
2068     0.002    0.026     0.074
2069     0.002    0.027     0.076
2070     0.002    0.028     0.077
2071     0.003    0.029     0.080
2072     0.003    0.030     0.083
2073     0.003    0.031     0.085
2074     0.003    0.032     0.087
2075     0.003    0.032     0.088
2076     0.003    0.033     0.091
2077     0.004    0.034     0.093
2078     0.004    0.035     0.095
2079     0.004    0.036     0.098
2080     0.004    0.037     0.100
2081     0.005    0.038     0.103
2082     0.005    0.039     0.105
2083     0.005    0.040     0.108
2084     0.005    0.041     0.111
2085     0.005    0.042     0.113
2086     0.005    0.043     0.115
2087     0.006    0.044     0.117
2088     0.006    0.045     0.120
2089     0.006    0.046     0.123
2090     0.007    0.047     0.125
2091     0.007    0.049     0.127
2092     0.008    0.050     0.130
2093     0.008    0.051     0.133
2094     0.009    0.052     0.135
2095     0.007    0.053     0.139
2096     0.008    0.054     0.140
2097     0.009    0.055     0.142
2098     0.009    0.056     0.145
2099     0.010    0.058     0.148
2100     0.010    0.059     0.151

20-year averages: 
2040    -0.002    0.009    0.032
2055    -0.000    0.018    0.053
2090     0.007    0.048    0.126
