year    05      50       95
2007    -0.000    0.001     0.005
2008    -0.000    0.002     0.006
2009    -0.000    0.002     0.007
2010    -0.001    0.002     0.007
2011    -0.001    0.002     0.008
2012    -0.001    0.003     0.009
2013    -0.001    0.003     0.010
2014    -0.001    0.003     0.010
2015    -0.001    0.004     0.011
2016    -0.001    0.004     0.012
2017    -0.001    0.004     0.013
2018    -0.001    0.005     0.014
2019    -0.001    0.005     0.015
2020    -0.001    0.006     0.016
2021    -0.001    0.006     0.017
2022    -0.001    0.006     0.018
2023    -0.001    0.007     0.019
2024    -0.001    0.007     0.020
2025    -0.001    0.007     0.021
2026    -0.001    0.008     0.022
2027    -0.000    0.008     0.023
2028    -0.000    0.009     0.024
2029    -0.000    0.009     0.026
2030    -0.001    0.010     0.027
2031    -0.000    0.011     0.029
2032    -0.000    0.011     0.031
2033     0.000    0.012     0.032
2034     0.000    0.013     0.034
2035     0.001    0.013     0.035
2036     0.001    0.014     0.036
2037     0.001    0.014     0.038
2038     0.001    0.015     0.040
2039     0.001    0.016     0.042
2040     0.001    0.017     0.045
2041     0.001    0.018     0.047
2042     0.001    0.018     0.049
2043     0.001    0.019     0.051
2044     0.002    0.021     0.054
2045     0.002    0.021     0.055
2046     0.002    0.022     0.057
2047     0.003    0.023     0.060
2048     0.003    0.024     0.062
2049     0.003    0.025     0.065
2050     0.002    0.026     0.068
2051     0.003    0.027     0.071
2052     0.003    0.028     0.073
2053     0.003    0.029     0.077
2054     0.004    0.031     0.079
2055     0.004    0.031     0.080
2056     0.005    0.033     0.084
2057     0.005    0.034     0.086
2058     0.005    0.035     0.090
2059     0.006    0.037     0.093
2060     0.004    0.038     0.097
2061     0.004    0.039     0.100
2062     0.005    0.041     0.104
2063     0.005    0.042     0.107
2064     0.005    0.044     0.111
2065     0.007    0.045     0.112
2066     0.007    0.046     0.116
2067     0.007    0.047     0.120
2068     0.007    0.049     0.124
2069     0.008    0.051     0.128
2070     0.006    0.052     0.133
2071     0.006    0.054     0.137
2072     0.007    0.056     0.141
2073     0.007    0.058     0.145
2074     0.008    0.060     0.150
2075     0.009    0.061     0.152
2076     0.009    0.063     0.157
2077     0.010    0.065     0.161
2078     0.010    0.067     0.166
2079     0.011    0.069     0.171
2080     0.009    0.070     0.177
2081     0.009    0.072     0.181
2082     0.010    0.075     0.186
2083     0.011    0.077     0.191
2084     0.012    0.080     0.197
2085     0.013    0.081     0.197
2086     0.014    0.084     0.203
2087     0.015    0.086     0.209
2088     0.016    0.089     0.213
2089     0.017    0.092     0.220
2090     0.015    0.093     0.226
2091     0.016    0.096     0.232
2092     0.017    0.099     0.237
2093     0.018    0.102     0.243
2094     0.019    0.105     0.249
2095     0.021    0.107     0.252
2096     0.022    0.110     0.257
2097     0.024    0.113     0.263
2098     0.025    0.116     0.270
2099     0.027    0.119     0.276
2100     0.025    0.122     0.282

20-year averages: 
2040     0.001    0.018    0.046
2055     0.004    0.033    0.084
2090     0.017    0.096    0.229
