year    05      50       95
2007    -0.000    0.001     0.005
2008    -0.000    0.001     0.006
2009    -0.000    0.002     0.006
2010    -0.000    0.002     0.007
2011    -0.001    0.002     0.007
2012    -0.001    0.002     0.008
2013    -0.001    0.002     0.008
2014    -0.001    0.003     0.009
2015    -0.001    0.003     0.010
2016    -0.001    0.003     0.010
2017    -0.001    0.003     0.011
2018    -0.001    0.003     0.012
2019    -0.001    0.004     0.013
2020    -0.001    0.004     0.013
2021    -0.001    0.004     0.014
2022    -0.001    0.005     0.015
2023    -0.001    0.005     0.016
2024    -0.001    0.005     0.016
2025    -0.001    0.005     0.016
2026    -0.001    0.005     0.017
2027    -0.001    0.005     0.018
2028    -0.001    0.006     0.018
2029    -0.001    0.006     0.019
2030    -0.001    0.006     0.020
2031    -0.001    0.006     0.021
2032    -0.001    0.007     0.022
2033    -0.001    0.007     0.023
2034    -0.002    0.007     0.024
2035    -0.002    0.007     0.024
2036    -0.002    0.008     0.025
2037    -0.001    0.008     0.026
2038    -0.001    0.009     0.027
2039    -0.001    0.009     0.028
2040    -0.001    0.010     0.029
2041    -0.001    0.010     0.030
2042    -0.001    0.010     0.031
2043    -0.000    0.011     0.033
2044    -0.000    0.011     0.034
2045    -0.000    0.012     0.035
2046    -0.000    0.012     0.036
2047     0.000    0.013     0.037
2048     0.000    0.013     0.038
2049     0.000    0.014     0.040
2050     0.000    0.014     0.041
2051     0.000    0.014     0.042
2052     0.001    0.015     0.043
2053     0.001    0.015     0.044
2054     0.001    0.016     0.045
2055     0.001    0.016     0.046
2056     0.001    0.016     0.047
2057     0.001    0.017     0.048
2058     0.002    0.017     0.050
2059     0.002    0.018     0.051
2060     0.002    0.019     0.052
2061     0.002    0.019     0.054
2062     0.002    0.020     0.055
2063     0.003    0.020     0.057
2064     0.003    0.021     0.058
2065     0.002    0.020     0.059
2066     0.002    0.021     0.060
2067     0.002    0.021     0.061
2068     0.002    0.022     0.062
2069     0.002    0.022     0.064
2070     0.002    0.023     0.066
2071     0.002    0.023     0.067
2072     0.002    0.024     0.068
2073     0.003    0.025     0.070
2074     0.003    0.025     0.072
2075     0.002    0.025     0.072
2076     0.002    0.026     0.074
2077     0.002    0.026     0.075
2078     0.002    0.027     0.077
2079     0.003    0.027     0.078
2080     0.003    0.028     0.080
2081     0.003    0.029     0.082
2082     0.003    0.030     0.083
2083     0.004    0.030     0.084
2084     0.004    0.031     0.086
2085     0.003    0.031     0.087
2086     0.004    0.032     0.088
2087     0.004    0.032     0.090
2088     0.004    0.033     0.092
2089     0.004    0.034     0.094
2090     0.005    0.035     0.095
2091     0.005    0.035     0.097
2092     0.005    0.036     0.099
2093     0.006    0.037     0.100
2094     0.006    0.038     0.102
2095     0.006    0.038     0.103
2096     0.006    0.039     0.105
2097     0.006    0.040     0.107
2098     0.007    0.040     0.108
2099     0.007    0.041     0.110
2100     0.007    0.042     0.112

20-year averages: 
2040    -0.001    0.010    0.030
2055     0.001    0.016    0.047
2090     0.005    0.035    0.096
