name                         lon   lat  RSL_05 RSL_50 RSL_95 AF_05 AF_50 AF_95 AF_mean
abashiri-abashiri-ja       144.3  44.0  0.13  0.22  0.32     6    22    76    29
aburatsu-aburatsu-ja       131.4  31.6  0.14  0.26  0.39     4    14    49    19
acajutla_a-082a-el_s      -89.8  13.6  0.15  0.25  0.35   121   390   993   451
acapulco_a,gro.-316a      -99.9  16.8  0.15  0.24  0.34    32   157   733   238
adak,alaska-040a-usa      -176.6  51.9  0.14  0.24  0.36    17    80   261   102
alameda_navalairstat      -122.3  37.8  0.12  0.22  0.33    14    69   254    93
alertbay,bc-08280-ca      -126.9  50.6  0.05  0.12  0.19     1     8    22     9
algeciras-alge-spain      -5.4  36.1  0.15  0.21  0.26     2     5     9     5
anchorage-9455920-us      -149.9  61.2  0.06  0.17  0.29     7    42   116    49
ancona-ancona-italy-       13.5  43.6  0.12  0.19  0.26     0     2     6     2
annapolis_navalacade      -76.5  39.0  0.25  0.38  0.51     4    12    34    15
antofagasta-080a-chi      -70.4 -23.6  0.15  0.21  0.29   123   378  1023   452
apia_b-401b-western_      -171.8 -13.8  0.16  0.27  0.39  1200  1200  1200  1200
arrecife-arre-spain-      -13.5  29.0  0.18  0.26  0.35   146   318   602   339
astoria,or-572a-usa-      -123.8  46.2  0.14  0.24  0.34     8    26    69    31
atlantic_city-264a-u      -74.4  39.4  0.22  0.37  0.53    10    42   158    58
ayukawa-ayukawa-japa       141.5  38.3  0.14  0.22  0.32    22   110   459   160
bahia_los_angeles-31      -113.5  29.0  0.18  0.26  0.36   116   285   577   308
balboa-302a-panama-u      -79.6  9.0  0.20  0.28  0.37    81   160   284   169
baltimore-8574680-us      -76.6  39.3  0.25  0.38  0.51     3     8    19     9
baltra_b-003b-ecuado      -90.3 -0.4  0.17  0.26  0.37    78   271   722   318
bangor-p662-uk-bodc       -5.7  54.7  0.08  0.20  0.32     0     2     5     2
barcelona-barcelona-       2.2  41.3  0.18  0.24  0.32   180   314   522   329
barharbor,frenchmanb      -68.2  44.4  0.03  0.21  0.40     2    41   231    70
bari-bari-italy-idro       16.9  41.1  0.14  0.21  0.28    39   125   331   148
barmouth-p923-uk-bod      -4.0  52.7  0.13  0.22  0.32     7    23    53    25
bayonne_boucau-bayon      -1.5  43.5  0.15  0.21  0.29    33    79   160    85
beihai-636a-china-uh       109.1  21.5  0.15  0.24  0.35     6    20    52    23
bermuda,st.georgesis      -64.7  32.4  0.12  0.27  0.43    50   272  1189   396
bilbao-bilbao-spain-      -3.0  43.4  0.15  0.22  0.30   101   216   379   224
bintulu-387a-malaysi       113.1  3.2  0.16  0.26  0.36    17    71   252    94
bonanza-bonanza-spai      -6.3  36.8  0.17  0.23  0.30    12    29    63    32
booby_island-336a-au       141.9 -10.6  0.18  0.28  0.38    22    70   173    81
boston,ma-741a-usa-u      -71.1  42.4  0.05  0.26  0.48     2    25   150    45
brest-822a-france-uh      -4.5  48.4  0.17  0.25  0.34    24    55   106    59
bridgeport-8467150-u      -73.2  41.2  0.17  0.35  0.53     3    13    46    17
brisbane-331a-austra       153.2 -27.4  0.20  0.28  0.38   235   581  1259   643
broome-166a-australi       122.2 -18.0  0.16  0.26  0.38    40   101   196   108
buenaventura-085a-co      -77.1  3.9  0.13  0.22  0.31    32    92   211   103
buenos_aires-285a-ar      -58.5 -34.7  0.14  0.23  0.33     1     3     7     4
bundaberg-332a-austr       152.4 -24.8  0.20  0.29  0.39   133   341   726   375
burnie-344a-australi       145.9 -41.0  0.16  0.25  0.36    53   191   555   233
cabo_san_lucas-034a-      -109.9  22.9  0.18  0.26  0.36   576   947  1498   983
cadiz-cadi-spain-ieo      -6.3  36.5  0.17  0.23  0.30    46   100   192   107
cagliari-cagliari-it       9.1  39.2  0.18  0.25  0.32    88   301  1031   392
callao_b-093b-peru-u      -77.2 -12.1  0.14  0.22  0.32   420   791  1447   852
cambridgeii-8571892-      -76.1  38.6  0.25  0.38  0.51    10    41   156    57
cananeia-281a-brazil      -47.9 -25.0  0.17  0.26  0.36     3     7    16     8
cape_ferguson-343a-a       147.1 -19.3  0.19  0.28  0.38    17    52   120    58
capemay-8536110-usa-      -75.0  39.0  0.25  0.37  0.50    13    42   128    53
cape_town-704a-south       18.4 -33.9  0.20  0.28  0.37    66   189   479   221
carloforte-carlofort       8.3  39.1  0.18  0.25  0.32   949  1095  1287  1105
carnarvon-167a-austr       113.7 -24.9  0.15  0.26  0.39    12    65   281    96
cartagena-265a-colom      -75.5  10.4  0.19  0.27  0.36  1200  1200  1200  1200
cascais-209a-portuga      -9.4  38.7  0.17  0.25  0.32    48   114   235   125
catania-catania-ital       15.1  37.5  0.19  0.26  0.33     6    18    57    23
cendering-320a-malay       103.2  5.3  0.16  0.26  0.37    16    59   178    74
ceuta-ceta-spain-ieo      -5.3  35.9  0.15  0.21  0.27    79   224   575   263
charchanga-138a-bang       91.0  22.2  0.12  0.20  0.30     0     3    11     4
charleston,or-575a-u      -124.3  43.3  0.16  0.25  0.35    10    34    90    40
charleston,sc-261a-u      -79.9  32.8  0.20  0.33  0.48     8    33   129    46
charlotte_amalie-255      -64.9  18.3  0.19  0.28  0.37    35   148   866   251
chesapeake_bbt-749a-      -76.1  37.0  0.24  0.38  0.53     2     8    20     9
chichijima-chichijim       142.2  27.1  0.17  0.30  0.44     7    39   214    66
choshigyoko-choshigy       140.9  35.8  0.12  0.24  0.38     4    21   114    36
christmas_b-011b-rep      -157.5  2.0  0.17  0.27  0.39  1200  1200  1200  1200
churchill-274a-canad      -94.2  58.8 -1.22 -0.67 -0.11     0     0     0     0
truk,fed.micronesia-       151.8  7.5  0.17  0.28  0.40   802  1011  1291  1027
ciudad_del_carmen-77      -91.8  18.5  0.18  0.26  0.36    19    64   170    76
cocos-171a-australia       96.9 -12.1  0.17  0.28  0.40   202   523  1238   601
cordemais-cordemais-      -1.9  47.3  0.16  0.24  0.33    30    87   191    96
cordova_b,alaska-583      -145.8  60.6  0.02  0.13  0.26     1    10    38    14
corpus_cristi,tx-770      -97.2  27.6  0.20  0.30  0.41     0     3     9     4
la_coruna-830a-spain      -8.4  43.4  0.16  0.25  0.35    39   114   253   126
cox_s_bazaar-136a-ba       91.8  21.4  0.12  0.20  0.30     3    13    34    15
crescent_city,ca-556      -124.2  41.7  0.14  0.24  0.35     7    27    82    34
cristobal-266a-panam      -79.9  9.4  0.20  0.28  0.37  1200  1200  1200  1200
cuxhaven-cuxhaven-ge       8.7  53.9  0.09  0.26  0.44     1     2     4     2
darwin-168a-australi       130.8 -12.5  0.16  0.26  0.37    82   205   391   218
degerby-001-finland-       20.4  60.0 -0.24 -0.10  0.05     0     0     4     1
delfzijl-del-nl-rws        6.9  53.3  0.12  0.27  0.43     0     2     4     2
denhelder-hel-nl-rws       4.7  53.0  0.15  0.25  0.37     1     3     8     4
devonport-p002-uk-bo      -4.2  50.4  0.17  0.26  0.35    32    88   195    97
dieppe-dieppe-france       1.1  49.9  0.13  0.24  0.37    81   219   412   229
donges-donges-france      -2.1  47.3  0.16  0.24  0.33    11    30    68    33
dongfang-637a-china-       108.6  19.1  0.15  0.25  0.35    17    71   207    86
duck_pier,nc-260a-us      -75.7  36.2  0.24  0.38  0.53     8    33   119    45
dunkerque-dunkerque-       2.4  51.0  0.13  0.26  0.38     3    12    35    15
durban,southafrica-d       31.1 -29.9  0.18  0.26  0.36    55   183   526   223
unalaska-9462620-usa      -166.5  53.9  0.13  0.24  0.35    35   143   408   172
easter_c-022c-chile-      -109.4 -27.1  0.14  0.23  0.33     4    14    46    18
eastport,me-740a-usa      -67.0  44.9  0.06  0.23  0.41     5    48   181    65
enewetok_a-006a-rep.       162.4  11.4  0.17  0.29  0.41  1200  1200  1200  1200
ensenada-317a-mexico      -116.6  31.9  0.16  0.26  0.36   245   602  1231   652
esbjerg-130121-denma       8.4  55.5  0.09  0.27  0.44     1     3     7     3
esmeraldas-098a-ecua      -79.6  1.0  0.14  0.22  0.31    43   120   275   134
esperance-176a-austr       121.9 -33.9  0.16  0.26  0.36    11    47   156    61
faraday-700a-united_      -64.3 -65.2 -0.15  0.02  0.19     0     1    33     7
felixstowe-p204-uk-b       1.3  52.0  0.14  0.27  0.41     3    16    52    20
fishguard-p055-uk-bo      -5.0  52.0  0.13  0.22  0.32    21    60   132    66
forsmark-003-sweden-       18.2  60.4 -0.33 -0.19 -0.06     0     0     2     0
fort_denison-333a-au       151.2 -33.9  0.20  0.29  0.39    70   247   749   308
fort_pulaski,ga-752a      -80.9  32.0  0.19  0.32  0.46    26   123   447   166
freeport-8772440-usa      -95.3  28.9  0.20  0.30  0.41     1     3     6     3
fremantle-175a-austr       115.7 -32.0  0.15  0.26  0.38    10    45   162    61
french_frigate_a-014      -166.3  23.9  0.17  0.27  0.39   358   632  1139   679
fukaura-fukaura-japa       139.9  40.6  0.15  0.24  0.33    89   248   686   301
fukue-fukue-japan-jm       128.8  32.7  0.15  0.26  0.37    64   244   680   292
fulfordharbour,bc-07      -123.5  48.8  0.10  0.20  0.30     5    22    63    27
funafuti,tuvalu-funa       179.2 -8.5  0.16  0.27  0.39     8    37   137    50
funchal_b-218b-portu      -16.9  32.6  0.18  0.28  0.39   208   523  1095   572
furuogrund-004-swede       21.2  64.9 -0.45 -0.29 -0.12     0     0     1     0
galveston,pier_21-77      -94.8  29.3  0.18  0.29  0.42     1     2     4     2
gan-109a-rep._of_mal       73.2 -0.7  0.18  0.27  0.38  1200  1200  1200  1200
gedser-837a-denmark-       11.9  54.6  0.06  0.23  0.42     1     4    10     4
geting-326a-malaysia       102.1  6.2  0.16  0.25  0.35    14    51   152    63
gladstone-p234-uk-bo      -3.0  53.4  0.13  0.20  0.26     5    14    30    15
goteborgtorshamnen-0       11.8  57.7 -0.03  0.12  0.27     0     3    15     5
grandisle-8761724-us      -90.0  29.3  0.20  0.31  0.44     0     1     4     2
groote_eylandt-145a-       136.4 -13.9  0.16  0.27  0.39     0     4    11     4
guam-053a-usa_trust-       144.7  13.4  0.16  0.28  0.41   634   880  1276   919
guaymas-397a-mexico-      -110.9  27.9  0.13  0.22  0.33   164   363   780   407
hachinohe-hachinohe-       141.5  40.5  0.12  0.24  0.38    58   305  1215   424
haikou-638a-china-uh       110.3  20.0  0.15  0.25  0.36     1     4    11     5
hakodate-hakodate-ja       140.7  41.8  0.15  0.23  0.32    65   275   993   367
halifax-275a-canada-      -63.6  44.7  0.16  0.32  0.49     9    61   278    92
hamada-hamada-japan-       132.1  34.9  0.15  0.23  0.33     6    24    85    32
hamina-002-finland-f       27.2  60.6 -0.13  0.06  0.25     0     2    11     3
hanasaki-hanasaki-ja       145.6  43.3  0.08  0.24  0.41     4    45   378    98
hanko-003-finland-fm       23.0  59.8 -0.16  0.03  0.22     0     2    19     5
heimsjoe-001-norway-       9.1  63.4 -0.02  0.07  0.17     0     3    10     4
helsinki-004-finland       25.0  60.2 -0.13  0.06  0.25     0     2    16     4
heysham-p050-uk-bodc      -2.9  54.0  0.13  0.20  0.26     3     7    14     8
hillarys-132a-austra       115.7 -31.8  0.15  0.26  0.37     7    30   105    39
hilo,_hawaii-060a-us      -155.1  19.7  0.17  0.28  0.40    91   336  1178   450
hinkleypoint-p003-uk      -3.1  51.2  0.16  0.24  0.32    35    74   129    77
hiron_point-134a-ban       89.5  21.8  0.11  0.22  0.34     2    10    30    12
hobart-339a-australi       147.3 -42.9  0.16  0.27  0.40    17    84   342   120
hoekvanholla-hvh-nl-       4.1  52.0  0.15  0.25  0.37     1     4     9     4
holyhead-p054-uk-bod      -4.6  53.3  0.12  0.22  0.31    10    36    91    42
hong_kong_b-329b-chi       114.2  22.3  0.16  0.25  0.36     5    15    42    18
honiara,solomonislan       160.0 -9.4  0.15  0.27  0.41  1200  1200  1200  1200
honningsvaag-002-nor       26.0  71.0  0.02  0.13  0.24     1     7    26     9
honolulu_b,hawaii-05      -157.9  21.3  0.17  0.27  0.39  1200  1200  1200  1200
hornbaek-838a-denmar       12.5  56.1  0.02  0.18  0.35     1     5    19     7
hosojima-358a-japan-       131.7  32.4  0.13  0.25  0.39     2    10    35    13
humboldt_bay,_ca-576      -124.2  40.8  0.14  0.24  0.35    20    85   271   108
ilha_fiscal,rj-280a-      -43.2 -22.9  0.17  0.26  0.35    10    32    99    41
immingham-p026-uk-bo      -0.2  53.6  0.13  0.26  0.40     3     9    21    10
ishigaki-ishigaki-ja       124.2  24.3  0.17  0.28  0.40     5    20    69    26
johnston-052a-usa_tr      -169.5  16.7  0.17  0.29  0.42    11    56   325    99
johor_baharu-321a-ma       103.8  1.5  0.16  0.25  0.35    49   159   404   184
juan_fernandez_b-021      -78.8 -33.6  0.15  0.23  0.33   199   579  1421   666
juneau-9452210-usa-n      -134.4  58.3  0.07  0.16  0.25     2     7    17     8
kagoshima-kagoshima-       130.6  31.6  0.15  0.26  0.38     3    12    36    15
kahului-059a-usa-uhs      -156.5  20.9  0.17  0.28  0.39  1419  1553  1693  1554
kalix-006-sweden-smh       23.1  65.7 -0.48 -0.29 -0.10     0     0     1     0
kanmen_a-632a-china-       121.3  28.1  0.13  0.21  0.31     1     3     8     4
kanton_b-013b-rep._o      -171.7 -2.8  0.18  0.27  0.38   646   987  1551  1037
kaohsiung-340a-repub       120.3  22.6  0.17  0.27  0.37    20    89   362   127
kapingamarangi-029a-       154.8  1.1  0.18  0.28  0.38   170   475  1257   564
kaskinen-005-finland       21.2  62.3 -0.37 -0.23 -0.09     0     0     1     0
kawasaki-kawasaki-ja       139.8  35.5  0.12  0.24  0.38     2    18    82    27
keelung-341a-republi       121.7  25.2  0.15  0.26  0.38     2     8    25    10
kelang-140a-malaysia       101.4  3.0  0.13  0.22  0.32    27    83   192    93
keling-141a-malaysia       102.2  2.2  0.16  0.26  0.37    80   305   907   374
kemi-006-finland-fmi       24.5  65.7 -0.48 -0.29 -0.10     0     0     1     0
kerguelen-180a-franc       70.2 -49.3  0.18  0.31  0.44   768  1312  2130  1369
ketchikan,ak-571a-us      -131.6  55.3  0.01  0.12  0.23     1    14    51    18
key_west,fl-242a-usa      -81.8  24.6  0.21  0.31  0.41    98   321  1110   427
kinlochbervi-p918-uk      -5.1  58.5  0.03  0.17  0.30     1     7    25     9
klagshamn-007-sweden       12.9  55.5  0.04  0.22  0.40     1     5    20     7
ko_lak-328a-thailand       99.8  11.8  0.15  0.24  0.35    33   108   288   127
ko_taphao_noi-148a-t       98.4  7.8  0.14  0.25  0.37   129   452  1090   511
kobe-kobe-japan-jma        135.2  34.7  0.15  0.24  0.34     2     7    16     8
kochi-kochi-japan-jm       133.6  33.5  0.14  0.23  0.33     1     4     8     4
kodiak_isl.,alaska-0      -152.5  57.7  0.09  0.21  0.34     3    18    63    24
komatsushima-komatsu       134.6  34.0  0.14  0.23  0.33     4    13    36    15
kota_kinabalu-386a-m       116.1  6.0  0.16  0.25  0.36    30   117   379   151
kuantan-322a-malaysi       103.4  4.0  0.16  0.26  0.37    17    62   173    74
kuchinotsu-kuchinots       130.2  32.6  0.15  0.26  0.37    24    98   311   124
kukup-325a-malaysia-       103.4  1.3  0.16  0.25  0.35   138   422   991   476
kungsholmsfort-008-s       15.6  56.1  0.00  0.17  0.34     1    15    86    25
kungsvik-009-sweden-       11.1  59.0 -0.08  0.06  0.19     0     2    12     4
kushimoto-kushimoto-       135.8  33.5  0.15  0.24  0.34    16    59   198    78
kushiro-kushiro-japa       144.4  43.0  0.12  0.21  0.32     6    24   102    36
kwajalein-055a-rep._       167.7  8.7  0.18  0.28  0.40  1200  1200  1200  1200
la_jolla,ca-554a-usa      -117.3  32.9  0.12  0.22  0.33   101   382   928   432
la_libertad-091a-ecu      -80.9 -2.2  0.14  0.23  0.33    51   183   492   217
la_paz-671a-mexico-u      -110.3  24.2  0.15  0.25  0.36   645   991  1503  1026
la_union_a-086a-el_s      -87.8  13.3  0.15  0.23  0.33   171   425   823   453
landsort1-011-sweden       17.9  58.7 -0.14  0.03  0.21     0     2    32     8
langkawi-142a-malays       99.8  6.4  0.14  0.24  0.36    60   250   728   302
las_palmas-laspalmas      -15.4  28.1  0.19  0.28  0.37   292   610  1089   640
lautoka-402a-fiji-uh       177.4 -17.6  0.16  0.27  0.40    31   172   718   246
le_conquet-le_conque      -4.8  48.4  0.17  0.25  0.34    55   124   227   130
le_pellerin-le_pelle      -1.8  47.2  0.16  0.24  0.33     1     3     6     3
legaspi-371a-philipp       123.8  13.2  0.15  0.26  0.38   181   531  1367   624
lerwick-p041-uk-bodc      -1.1  60.2  0.10  0.22  0.34     8    43   152    56
lewes,de-747a-usa-uh      -75.1  38.8  0.25  0.37  0.50     5    13    33    16
lianyungang-639a-chi       119.4  34.8  0.11  0.24  0.38     4    24    81    31
limetree_bay-254a-us      -64.8  17.7  0.19  0.27  0.37    21    83   587   157
lobos_de_afuera-084a      -80.7 -6.9  0.14  0.24  0.34    27   133   536   188
lord_howe_b-399b-aus       159.1 -31.5  0.20  0.31  0.42    30   112   325   137
los_angeles,ca-567a-      -118.3  33.7  0.09  0.19  0.30    51   237   664   282
lowestoft-p024-uk-bo       1.8  52.5  0.15  0.27  0.40     1     3     7     3
lumut-143a-malaysia-       100.6  4.2  0.13  0.22  0.32    42   150   426   182
lusi_a-633a-china-uh       121.6  32.1  0.13  0.22  0.32     0     3     9     4
maaloey-003-norway-s       5.1  61.9  0.03  0.16  0.29     1    14    64    21
magueyes_island,pr-2      -67.0  18.0  0.18  0.27  0.37  1103  1103  1103  1103
maisaka-maisaka-japa       137.6  34.7  0.13  0.22  0.32     0     1     4     2
maizuru-maizuru-japa       135.4  35.5  0.13  0.25  0.38    58   196   671   261
majuro,marshallislan       171.4  7.1  0.18  0.28  0.40   595   915  1376   946
makurazaki-makurazak       130.3  31.3  0.15  0.26  0.38     3     9    25    10
malaga-mala-spain-ie      -4.4  36.7  0.17  0.23  0.29   137   362   898   421
malakal_b-007b-repub       134.5  7.3  0.15  0.27  0.40   527   814  1268   851
male_b,hulule-108b-r       73.5  4.2  0.18  0.27  0.38  1200  1200  1200  1200
malin_head-834a-irel      -7.3  55.4  0.06  0.19  0.32     3    18    62    23
manila_a-370a-philip       121.0  14.6  0.14  0.24  0.35    28   122   391   155
manta_b-089b-ecuador      -80.7 -0.9  0.14  0.23  0.33    19    69   203    84
mantyluoto-007-finla       21.5  61.6 -0.30 -0.17 -0.03     0     0     1     0
manzanillo_a-395a-me      -104.3  19.1  0.16  0.25  0.34    32   145   580   204
marsden_point-398a-n       174.5 -35.8  0.20  0.31  0.44    25   106   387   144
marviken-012-sweden-       16.8  58.6 -0.09  0.08  0.26     0     6    68    16
massacre_bay,ak-550a       173.2  52.8  0.11  0.23  0.36    38   220   805   291
matarani_b-094b-peru      -72.1 -17.0  0.13  0.22  0.31   184   536  1332   619
matsuyama-matsuyama-       132.7  33.9  0.13  0.25  0.39     6    27   107    39
mayport,fl-753a-usa-      -81.4  30.4  0.20  0.32  0.45    46   223   859   308
mazatlan-673a-mexico      -106.4  23.2  0.15  0.24  0.34    98   337   931   402
mera-mera-japan-jma        139.8  34.9  0.13  0.25  0.37     5    28   140    45
midway-050a-usa_trus      -177.4  28.2  0.17  0.29  0.42     3    10    29    12
millport-p049-uk-bod      -4.9  55.7  0.05  0.17  0.29     1     3    10     4
misumi-misumi-japan-       130.4  32.6  0.15  0.26  0.37    52   187   491   220
miyakejima-357a-japa       139.5  34.1  0.13  0.25  0.37     4    16    61    22
miyako-miyako-japan-       142.0  39.6  0.11  0.25  0.41   102   420  1454   554
mokuoloe-061a-usa-uh      -157.8  21.4  0.17  0.27  0.39  1200  1200  1200  1200
montauk,ny-279a-usa-      -72.0  41.0  0.20  0.35  0.51     3     9    28    12
monterey,ca-555a-usa      -121.9  36.6  0.15  0.25  0.36    48   208   637   260
mossel_bay-185a-sout       22.1 -34.2  0.19  0.28  0.37    34    98   247   115
murotomisaki-murotom       134.2  33.3  0.14  0.23  0.33     1     4    10     5
nagasaki-nagasaki-ja       129.9  32.7  0.15  0.26  0.37    29   122   380   153
nagoya-nagoya-japan-       136.9  35.1  0.14  0.24  0.34     2     6    14     7
naha-naha-japan-jma        127.7  26.2  0.17  0.29  0.42    15    74   305   106
nakano_shima-345a-ja       129.8  29.8  0.16  0.28  0.41     8    38   147    53
nantes_usine_brulee-      -1.6  47.2  0.16  0.24  0.33    11    33    78    37
nantucketisland-8449      -70.1  41.3  0.13  0.32  0.51     3    18    97    31
napier-668a-new_zeal       176.9 -39.5  0.19  0.29  0.40   525   944  1616   993
napoli-napoli-italy-       14.3  40.8  0.17  0.23  0.30   235   485   964   531
nauru-nauru-glossdm-       166.9 -0.5  0.18  0.28  0.39    74   271   796   333
nawiliwili-058a-usa-      -159.3  22.0  0.17  0.27  0.39    55   228  1053   345
naze-359a-japan-uhsl       129.5  28.4  0.17  0.29  0.42    20    92   366   130
neah_bay,wa-558a-usa      -124.6  48.4  0.10  0.20  0.30     4    16    44    19
new_london,ct-744a-u      -72.1  41.4  0.19  0.35  0.52     2     5    11     5
new_york,ny-745a-usa      -74.0  40.7  0.17  0.35  0.53     3    10    36    13
newhaven-p011-uk-bod       0.1  50.8  0.15  0.22  0.30    13    34    71    37
newlyn,_cornwall-294      -5.5  50.1  0.17  0.26  0.35    41   104   219   113
newport,ri-253a-usa-      -71.3  41.5  0.13  0.32  0.51     5    45   268    79
newport-p057-uk-bodc      -3.0  51.5  0.16  0.24  0.32    30    65   115    67
nishinoomote-363a-ja       131.0  30.7  0.16  0.27  0.40    19    92   337   124
nome,ak-595a-usa-uhs      -165.4  64.5  0.14  0.24  0.34     0     2     7     2
noumea_a-019a-france       166.4 -22.3  0.18  0.28  0.40   816  1157  1646  1190
nuku_alofa-038a-tong      -175.2 -21.1  0.17  0.28  0.40   690   983  1413  1010
ny_alesund-823a-norw       11.9  78.9 -0.35 -0.17  0.02     0     0     2     1
ofunato-ofunato-japa       141.8  39.0  0.14  0.22  0.32    16    71   290   103
okada-okada-japan-jm       139.4  34.8  0.13  0.25  0.37    18   123   708   209
olandsnorraudde-013-       17.1  57.4 -0.09  0.08  0.26     0     3    20     6
omaezaki-omaezaki-ja       138.2  34.6  0.13  0.22  0.32     8    32   118    44
onahama-onahama-japa       140.9  36.9  0.13  0.22  0.32    10    46   205    70
osaka-osaka-japan-jm       135.4  34.6  0.15  0.24  0.34     1     3     7     4
oskarshamn-014-swede       16.5  57.3 -0.04  0.14  0.32     0     7    48    13
oslo-004-norway-stat       10.7  59.9 -0.08  0.06  0.19     0     2     7     2
otranto-otranto-ital       18.5  40.1  0.15  0.22  0.29   412   492   582   493
oulu-008-finland-fmi       25.4  65.0 -0.48 -0.29 -0.10     0     0     1     0
oura-oura-japan-jma        130.2  33.0  0.15  0.26  0.37    10    35    99    42
owase-owase-japan-jm       136.2  34.1  0.14  0.24  0.34     4    14    41    17
pago_pago-056a-usa_t      -170.7 -14.3  0.16  0.27  0.39  1200  1200  1200  1200
paita_b-678b-peru-uh      -81.2 -5.1  0.15  0.24  0.34    21    95   362   131
palinuro-palinuro-it       15.3  40.0  0.17  0.24  0.31   145   372   901   427
papeete_b-015b-frenc      -149.6 -17.5  0.16  0.26  0.36    15    69   563   144
penang-144a-malaysia       100.3  5.4  0.14  0.23  0.33    69   251   691   300
penrhyn-024a-cook_is      -158.1 -9.0  0.17  0.26  0.37    36   135   688   215
pensacola,fl-762a-us      -87.2  30.4  0.20  0.32  0.44     1     3     5     3
philadelphia_pier9n_      -75.1  39.9  0.22  0.37  0.53     2     8    25    10
pietarsaari-009-finl       22.7  63.7 -0.40 -0.24 -0.09     0     0     0     0
pisco_b-683b-peru-uh      -76.1 -13.4  0.14  0.21  0.29    25   106   406   147
pohnpei_b-001b-fd._s       158.2  7.0  0.17  0.28  0.39   995  1261  1610  1280
port_angeles,_wa-584      -123.4  48.1  0.10  0.20  0.30     2    11    34    14
port_elizabeth-184a-       25.6 -34.0  0.20  0.28  0.38    34   106   297   129
port_hedland-169a-au       118.6 -20.3  0.16  0.27  0.39    18    60   146    68
portisabel-8779770-u      -97.2  26.1  0.20  0.30  0.41     1     3     6     3
port_kembla-342a-aus       150.9 -34.5  0.20  0.29  0.40   155   465  1185   540
port_louis_c-103c-ma       57.5 -20.2  0.17  0.28  0.41   312   518   879   550
port_nolloth-701a-so       16.9 -29.2  0.20  0.27  0.36   177   414   872   456
portsanluis-9412110-      -120.8  35.2  0.15  0.25  0.35    62   235   654   281
port_tudy-port_tudy-      -3.4  47.6  0.16  0.23  0.30    24    52   100    56
port_vendres-port_ve       3.1  42.5  0.17  0.24  0.31    81   192   396   209
port_vila_b-046b-van       168.3 -17.8  0.16  0.28  0.41  1200  1200  1200  1200
porterin-p919-uk-bod      -4.8  54.1  0.09  0.19  0.30     2     9    25    11
portland,me-252a-usa      -70.2  43.7  0.03  0.23  0.44     2    48   305    88
portland,s.aus.-129a       141.6 -38.3  0.17  0.25  0.34    59   174   430   201
portpatrick-p063-uk-      -5.1  54.8  0.08  0.20  0.32     2     8    24    10
portrush-p935-uk-bod      -6.7  55.2  0.05  0.18  0.31     1    14    56    19
portsmouth-p008-uk-b      -1.1  50.8  0.15  0.22  0.30    12    40    94    45
prince_rupert_b-540b      -130.3  54.3 -0.02  0.07  0.16     0     5    20     7
providence_statepier      -71.4  41.8  0.13  0.32  0.51     2     9    36    13
prudhoe_bay,_ak-579a      -148.5  70.4  0.11  0.26  0.42     0     7    24     9
pt._la_rue-121a-seyc       55.5 -4.7  0.19  0.29  0.40   257   614  1308   680
puerto_angel-672a-me      -96.5  15.7  0.16  0.25  0.35   174   526  1366   619
puerto_cortes-780a-h      -88.0  15.8  0.18  0.27  0.36   791   791   791   791
puerto_montt-684a-ch      -73.0 -41.5  0.09  0.16  0.23    11    31    67    34
puertowilliams,chile      -67.6 -54.9  0.14  0.22  0.31     3    10    25    11
quepos,costarica-que      -84.2  9.4  0.16  0.23  0.32   118   296   622   324
raahe-010-finland-fm       24.4  64.7 -0.47 -0.28 -0.10     0     0     1     0
rabaul-010a-papua_ne       152.2 -4.2  0.15  0.26  0.38  1200  1200  1200  1200
rarotonga,cookisland      -159.8 -21.2  0.17  0.27  0.38     3    13    52    19
ratan-015-sweden-smh       20.9  64.0 -0.41 -0.26 -0.11     0     0     1     0
rauma-011-finland-fm       21.4  61.1 -0.21 -0.05  0.10     0     0     6     1
reedypoint-8551910-u      -75.6  39.6  0.22  0.37  0.53     7    35   162    54
reykjavik-reykjavik-      -21.9  64.2 -0.12  0.03  0.17     0     2    28     7
rikitea-016a-french_      -135.0 -23.1  0.15  0.25  0.36  1200  1200  1200  1200
ringhals-016-sweden-       12.1  57.2 -0.03  0.12  0.27     0     3     9     3
rockport,_tx-769a-us      -97.0  28.0  0.20  0.30  0.41     1     3     7     3
rodrigues-105a-mauri       63.4 -19.7  0.17  0.28  0.40     9    37   160    55
roervik-005-norway-s       11.2  64.9 -0.06  0.06  0.19     0     2     6     2
roscoff-roscoff-fran      -4.0  48.7  0.17  0.25  0.34     9    21    43    23
rosslyn_bay-330a-aus       150.8 -23.2  0.19  0.29  0.39   114   271   531   291
s.cruz_d._palma_b-20      -17.8  28.7  0.19  0.28  0.38   177   479  1049   530
sabine_pass_n,tx-766      -93.9  29.7  0.20  0.31  0.43     0     2     5     2
saigo-saigo-japan-jm       133.3  36.2  0.14  0.26  0.38   487   644   863   660
saint_gildas-saint_g      -2.2  47.1  0.16  0.24  0.33     7    17    38    19
saint_malo-saint_mal      -2.0  48.6  0.16  0.23  0.31    53   104   170   107
saipan_b-028b-n._mar       145.7  15.2  0.15  0.28  0.42     1     5    17     7
sakai-sakai-japan-jm       133.2  35.5  0.16  0.24  0.34     7    25    99    35
salalah-114a-oman-uh       54.0  16.9  0.15  0.24  0.35  1434  1440  1447  1440
salina_cruz-394a-mex      -95.2  16.2  0.16  0.25  0.34    42   193   697   258
san_diego-569a-usa-u      -117.2  32.7  0.12  0.22  0.33    81   294   754   342
san_felix-035a-chile      -80.1 -26.3  0.15  0.23  0.32  1113  1311  1565  1325
san_francisco,ca-551      -122.5  37.8  0.12  0.22  0.33    11    51   192    70
san_jose-675a-guatem      -90.8  13.9  0.16  0.25  0.35   104   375  1033   446
san_juan,pr-245a-usa      -66.1  18.5  0.18  0.27  0.37    48   200  1002   316
san_juan_a-096a-peru      -75.2 -15.4  0.14  0.23  0.32   343   717  1419   782
sand_point,ak-574a-u      -160.5  55.3  0.10  0.23  0.36     4    25    85    33
sandyhook-8531680-us      -74.0  40.5  0.17  0.35  0.53     2     8    26    11
santa_cruz-030a-ecua      -90.3 -0.8  0.17  0.26  0.37   226   548  1112   597
santa_monica,_ca-578      -118.5  34.0  0.09  0.19  0.30    31   161   498   198
santander-sant-spain      -3.8  43.5  0.15  0.22  0.30    64   142   267   150
seattle-9447130-usa-      -122.3  47.6  0.10  0.20  0.30     5    21    62    26
sedili-324a-malaysia       104.1  1.9  0.16  0.25  0.35    14    49   137    59
seldovia-9455500-usa      -151.7  59.4  0.06  0.18  0.31     3    15    46    19
seward_c,ak-560c-usa      -149.4  60.1  0.06  0.17  0.29     2    14    43    17
sewellspoint,hampton      -76.3  36.9  0.24  0.38  0.53     1     4     9     5
shanwei-641a-china-u       115.3  22.8  0.14  0.23  0.33    10    38   112    46
shijiusuo-642a-china       119.5  35.4  0.10  0.24  0.39     4    25    98    34
shimizuminato-shimiz       138.5  35.0  0.13  0.22  0.32     9    37   150    54
shirahama-shirahama-       135.4  33.7  0.15  0.24  0.34    13    49   163    64
simon_s_town-221a-so       18.4 -34.2  0.20  0.28  0.37   152   400   949   454
simrishamn-017-swede       14.4  55.6  0.02  0.19  0.37     1    17    91    28
sitka,ak-559a-usa-uh      -135.3  57.1  0.11  0.19  0.29     4    14    35    16
skagsudde-018-sweden       19.0  63.2 -0.38 -0.24 -0.10     0     0     2     0
skagway-9452400-usa-      -135.3  59.5 -0.00  0.11  0.24     1     8    28    10
skanor-019-sweden-sm       12.8  55.4  0.04  0.22  0.40     0     4    16     6
smogen-020-sweden-sm       11.2  58.4 -0.08  0.06  0.19     0     2    13     4
solomonsisland_biol.      -76.5  38.3  0.25  0.38  0.51    19    87   360   125
south_beach,or-592a-      -124.0  44.6  0.16  0.25  0.34     9    26    62    30
spikarna-021-sweden-       17.5  62.4 -0.38 -0.23 -0.09     0     0     1     0
spring_bay-335a-aust       147.9 -42.5  0.17  0.29  0.41    44   212   856   297
springmaidpier-86610      -78.9  33.7  0.19  0.33  0.47    17    88   333   120
st.johns,canada-st.j      -52.7  47.6  0.20  0.34  0.48    17    87   327   118
st._petersburg,_fl-7      -82.6  27.8  0.21  0.32  0.44     2     6    14     7
stenungsund-022-swed       11.8  58.1 -0.03  0.12  0.27     0     5    20     7
steveston,bc-07607-c      -123.2  49.1  0.10  0.20  0.30     1     7    20     8
sthelier-p074-uk-bod      -2.1  49.2  0.16  0.23  0.31    64   122   198   125
stockholm-826a-swede       18.1  59.3 -0.14  0.03  0.21     0     2    19     5
stornoway-p042-uk-bo      -6.4  58.2  0.04  0.18  0.32     2    27    99    36
sumoto-sumoto-japan-       134.9  34.4  0.14  0.23  0.33     5    16    48    20
surabaya-160a-indone       112.7 -7.2  0.17  0.26  0.36   141   387   859   429
suva,fiji-suva,fiji-       178.4 -18.1  0.16  0.27  0.39   261   631  1389   708
syowa,_antarctica-12       39.6 -69.0  0.12  0.22  0.34    18   116   540   178
takamatsu-takamatsu-       134.1  34.4  0.14  0.23  0.33     3     9    25    11
talara_b-092b-peru-u      -81.3 -4.6  0.14  0.23  0.34    23    99   348   132
tanjong_pagar-699a-s       103.9  1.3  0.16  0.25  0.35    31   113   335   140
tannowa-tannowa-japa       135.2  34.3  0.15  0.24  0.34     6    21    64    26
taranaki-076a-new_ze       174.0 -39.0  0.17  0.26  0.36     1     3     6     3
tarawa_d,betio-002d-       172.9  1.4  0.18  0.28  0.39  1250  1369  1507  1374
tarifa-tari-spain-ie      -5.6  36.0  0.15  0.21  0.27    86   217   475   241
tauranga-073a-new_ze       176.2 -37.6  0.18  0.28  0.39   140   444  1215   531
tawau-385a-malaysia-       117.9  4.2  0.15  0.25  0.35   371   801  1467   846
tenerife-tenerife-sp      -16.2  28.5  0.19  0.28  0.38   249   572  1113   611
thevenard-128a-austr       133.6 -32.1  0.16  0.26  0.36     5    21    57    25
tioman-323a-malaysia       104.1  2.8  0.16  0.25  0.36    15    54   150    65
toba-toba-japan-jma        136.8  34.5  0.14  0.24  0.34     5    15    45    19
tobermory-p223-uk-bo      -6.1  56.6  0.04  0.17  0.31     1     8    30    11
tofino-542a-canada-u      -125.9  49.1  0.08  0.17  0.26     2     9    24    11
tokyo-tokyo-japan-jm       139.8  35.6  0.12  0.24  0.38     2     7    25    10
tosashimizu-tosashim       133.0  32.8  0.13  0.25  0.39     1     4    10     5
townsville-334a-aust       146.8 -19.2  0.19  0.28  0.38    24    67   155    75
toyama-toyama-japan-       137.2  36.8  0.15  0.23  0.33   107   267   667   314
tregde-804a-norway-u       7.6  58.0  0.04  0.19  0.33     2    16    85    26
trieste-270061-italy       13.8  45.6  0.12  0.19  0.26     2     9    21    10
tumaco-303a-colombia      -78.7  1.8  0.14  0.21  0.29    32    82   179    91
turku-012-finland-fm       22.1  60.4 -0.21 -0.05  0.10     0     0     6     1
uchiura-uchiura-japa       138.9  35.0  0.13  0.22  0.32    13    57   205    76
ullapool-p043-uk-bod      -5.2  57.9  0.03  0.17  0.30     2    15    53    19
uno-uno-japan-jma          133.9  34.5  0.16  0.24  0.34     4    10    27    12
uragami-uragami-japa       135.9  33.6  0.15  0.24  0.34     3    11    32    14
uwajima-uwajima-japa       132.6  33.2  0.13  0.25  0.39     7    40   195    64
vaasa-013-finland-fm       21.6  63.1 -0.41 -0.26 -0.11     0     0     0     0
valdez,ak-562a-usa-u      -146.4  61.1  0.03  0.14  0.26     1    11    40    14
valencia-valencia-sp      -0.3  39.5  0.18  0.24  0.32   394   459   547   465
valparaiso-081a-chil      -71.6 -33.0  0.13  0.20  0.28    84   262   703   314
varberg1-024-sweden-       12.2  57.1  0.02  0.18  0.35     1    18    91    29
venezia-punta_salute       12.4  45.4  0.12  0.19  0.26     2     8    19     9
victoria,bc-543a-can      -123.4  48.4  0.10  0.20  0.30     5    19    57    24
vigo-vigo-spain-ieo       -8.7  42.2  0.16  0.25  0.35    16    46   109    52
visby-026-sweden-smh       18.3  57.6 -0.10  0.09  0.28     0     9   132    29
wakayama-wakayama-ja       135.2  34.2  0.15  0.24  0.34     6    20    60    25
wake-051a-usa_trust-       166.6  19.3  0.16  0.28  0.42     5    25   155    47
wakkanai-wakkanai-ja       141.7  45.4  0.12  0.24  0.37    11    71   466   131
washingtondc-8594900      -77.0  38.9  0.25  0.38  0.51     1     3     6     3
wellington-071a-new_       174.8 -41.3  0.18  0.27  0.37   133   450  1306   548
weymouth-p991-uk-bod      -2.4  50.6  0.16  0.24  0.32    16    54   132    61
whitby-p174-uk-bodc       -0.6  54.5  0.12  0.23  0.34     3     9    25    11
wick-p035-uk-bodc         -3.1  58.4  0.04  0.19  0.33     2    20    83    28
willapa_bay,_wa-564a      -124.0  46.7  0.14  0.24  0.34     2     7    18     8
willetspoint-8516990      -73.8  40.8  0.17  0.35  0.53     1     3     6     3
wilmington,nc-750a-u      -78.0  34.2  0.20  0.34  0.48    10    49   245    80
wladyslawowo-wlad-po       18.4  54.8 -0.02  0.17  0.35     0     6    35    10
woods_hole,ma-742a-u      -70.7  41.5  0.13  0.32  0.51     2     7    26    10
workington-p217-uk-b      -3.6  54.7  0.09  0.19  0.30     2     9    24    11
wyndham-165a-austral       128.1 -15.5  0.15  0.24  0.35    73   234   574   268
xiamen-376a-china-uh       118.1  24.4  0.15  0.25  0.37     5    15    39    18
yakutat-9453220-usa-      -139.7  59.5 -0.00  0.12  0.25     0     6    26     9
yap_b-008b-fd._st._m       138.1  9.5  0.16  0.28  0.40     5    23   120    38
yokohama-yokohama-ja       139.6  35.5  0.12  0.24  0.38     3    16    72    24
ystad-027-sweden-smh       13.8  55.4  0.02  0.19  0.37     1    20    95    30
zanzibar-151a-tanzan       39.2 -6.2  0.18  0.26  0.35   171   346   604   363
zhapo_a-635a-china-u       111.8  21.6  0.15  0.25  0.36     9    31    93    39
burrulus_tide              31.0  31.6  0.16  0.24  0.32     0     6    18     7
lautoka_fiji_uhslc         177.4 -17.6  0.16  0.27  0.40    47   227   889   313
