name                         lon   lat  RSL_05 RSL_50 RSL_95 AF_05 AF_50 AF_95 AF_mean
abashiri-abashiri-ja       144.3  44.0  0.21  0.34  0.49    20    95   451   147
aburatsu-aburatsu-ja       131.4  31.6  0.22  0.40  0.61     9    52   316    92
acajutla_a-082a-el_s      -89.8  13.6  0.24  0.39  0.57  1301  1429  1581  1434
acapulco_a,gro.-316a      -99.9  16.8  0.25  0.38  0.54  1200  1200  1200  1200
adak,alaska-040a-usa      -176.6  51.9  0.22  0.38  0.57   109   323   856   384
alameda_navalairstat      -122.3  37.8  0.20  0.36  0.53    65   325  1270   444
alertbay,bc-08280-ca      -126.9  50.6  0.09  0.19  0.31     4    20    61    25
algeciras-alge-spain      -5.4  36.1  0.19  0.28  0.38     4     9    21    10
anchorage-9455920-us      -149.9  61.2  0.12  0.29  0.47    20   113   314   133
ancona-ancona-italy-       13.5  43.6  0.20  0.28  0.38     0     3     9     3
annapolis_navalacade      -76.5  39.0  0.33  0.55  0.77     8    43   288    80
antofagasta-080a-chi      -70.4 -23.6  0.23  0.34  0.46  1200  1200  1200  1200
apia_b-401b-western_      -171.8 -13.8  0.27  0.43  0.61  1200  1200  1200  1200
arrecife-arre-spain-      -13.5  29.0  0.26  0.39  0.53   474   781  1211   805
astoria,or-572a-usa-      -123.8  46.2  0.24  0.39  0.55    25   105   344   135
atlantic_city-264a-u      -74.4  39.4  0.29  0.56  0.83    29   202  1147   335
ayukawa-ayukawa-japa       141.5  38.3  0.21  0.33  0.47   217   572  1547   697
bahia_los_angeles-31      -113.5  29.0  0.27  0.41  0.57   444   792  1305   823
balboa-302a-panama-u      -79.6  9.0  0.27  0.40  0.54   150   330   626   354
baltimore-8574680-us      -76.6  39.3  0.33  0.55  0.77     5    22   114    37
baltra_b-003b-ecuado      -90.3 -0.4  0.26  0.41  0.57   833  1016  1248  1028
bangor-p662-uk-bodc       -5.7  54.7  0.09  0.28  0.48     0     2     6     3
barcelona-barcelona-       2.2  41.3  0.25  0.35  0.46   572   572   572   572
barharbor,frenchmanb      -68.2  44.4 -0.04  0.27  0.58     0    76   742   179
bari-bari-italy-idro       16.9  41.1  0.22  0.31  0.41   275   456   770   484
barmouth-p923-uk-bod      -4.0  52.7  0.15  0.31  0.47    10    47   138    57
bayonne_boucau-bayon      -1.5  43.5  0.20  0.31  0.42    70   186   410   206
beihai-636a-china-uh       109.1  21.5  0.22  0.37  0.54    14    54   173    69
bermuda,st.georgesis      -64.7  32.4  0.23  0.44  0.66  1200  1200  1200  1200
bilbao-bilbao-spain-      -3.0  43.4  0.21  0.32  0.45   178   417   756   438
bintulu-387a-malaysi       113.1  3.2  0.24  0.39  0.56   112   320   892   389
bonanza-bonanza-spai      -6.3  36.8  0.24  0.33  0.44    28    76   178    86
booby_island-336a-au       141.9 -10.6  0.26  0.42  0.59    57   218   618   262
boston,ma-741a-usa-u      -71.1  42.4  0.04  0.39  0.74     2    74   775   185
brest-822a-france-uh      -4.5  48.4  0.23  0.37  0.52    46   126   268   138
bridgeport-8467150-u      -73.2  41.2  0.25  0.53  0.81     6    45   318    89
brisbane-331a-austra       153.2 -27.4  0.26  0.41  0.58  1480  1636  1811  1639
broome-166a-australi       122.2 -18.0  0.24  0.40  0.57    82   210   412   224
buenaventura-085a-co      -77.1  3.9  0.20  0.35  0.51    80   266   656   304
buenos_aires-285a-ar      -58.5 -34.7  0.21  0.35  0.51     2     6    14     7
bundaberg-332a-austr       152.4 -24.8  0.27  0.43  0.60   517   907  1519   956
burnie-344a-australi       145.9 -41.0  0.24  0.39  0.57   314   766  1721   864
cabo_san_lucas-034a-      -109.9  22.9  0.29  0.42  0.57  1200  1200  1200  1200
cadiz-cadi-spain-ieo      -6.3  36.5  0.24  0.33  0.44   103   243   510   266
cagliari-cagliari-it       9.1  39.2  0.26  0.36  0.46  1200  1200  1200  1200
callao_b-093b-peru-u      -77.2 -12.1  0.22  0.36  0.52  1200  1200  1200  1200
cambridgeii-8571892-      -76.1  38.6  0.33  0.55  0.77    44   216  1132   345
cananeia-281a-brazil      -47.9 -25.0  0.24  0.39  0.55     6    19    68    26
cape_ferguson-343a-a       147.1 -19.3  0.27  0.40  0.54    44   137   354   160
capemay-8536110-usa-      -75.0  39.0  0.33  0.53  0.74    29   162   869   264
cape_town-704a-south       18.4 -33.9  0.28  0.43  0.59   440   804  1480   872
carloforte-carlofort       8.3  39.1  0.26  0.36  0.47  1200  1200  1200  1200
carnarvon-167a-austr       113.7 -24.9  0.23  0.40  0.60    82   338  1288   468
cartagena-265a-colom      -75.5  10.4  0.26  0.38  0.52  1200  1200  1200  1200
cascais-209a-portuga      -9.4  38.7  0.24  0.36  0.48   112   299   674   335
catania-catania-ital       15.1  37.5  0.28  0.37  0.47    30   103   508   160
cendering-320a-malay       103.2  5.3  0.24  0.40  0.57    46   214   759   283
ceuta-ceta-spain-ieo      -5.3  35.9  0.20  0.28  0.38   438   720  1161   752
charchanga-138a-bang       91.0  22.2  0.19  0.31  0.43     1     6    16     7
charleston,or-575a-u      -124.3  43.3  0.26  0.40  0.56    37   142   460   182
charleston,sc-261a-u      -79.9  32.8  0.26  0.48  0.72    18   133   878   243
charlotte_amalie-255      -64.9  18.3  0.29  0.43  0.59  1200  1200  1200  1200
chesapeake_bbt-749a-      -76.1  37.0  0.34  0.57  0.80     5    22    89    31
chichijima-chichijim       142.2  27.1  0.26  0.44  0.64    70   217   752   293
choshigyoko-choshigy       140.9  35.8  0.19  0.38  0.58    16   112   908   232
christmas_b-011b-rep      -157.5  2.0  0.28  0.43  0.61  1200  1200  1200  1200
churchill-274a-canad      -94.2  58.8 -2.02 -1.14 -0.26     0     0     0     0
truk,fed.micronesia-       151.8  7.5  0.27  0.43  0.61  1200  1200  1200  1200
ciudad_del_carmen-77      -91.8  18.5  0.26  0.38  0.51    83   205   481   234
cocos-171a-australia       96.9 -12.1  0.27  0.44  0.62  1200  1200  1200  1200
cordemais-cordemais-      -1.9  47.3  0.22  0.36  0.50    67   231   573   264
cordova_b,alaska-583      -145.8  60.6  0.04  0.22  0.42     2    28   137    43
corpus_cristi,tx-770      -97.2  27.6  0.30  0.45  0.62     1     6    17     7
la_coruna-830a-spain      -8.4  43.4  0.22  0.37  0.53    83   283   701   323
cox_s_bazaar-136a-ba       91.8  21.4  0.19  0.31  0.43     9    33    90    39
crescent_city,ca-556      -124.2  41.7  0.23  0.39  0.57    23   117   468   165
cristobal-266a-panam      -79.9  9.4  0.27  0.40  0.54  1200  1200  1200  1200
cuxhaven-cuxhaven-ge       8.7  53.9  0.09  0.35  0.63     1     2     5     2
darwin-168a-australi       130.8 -12.5  0.24  0.40  0.57   175   447   882   478
degerby-001-finland-       20.4  60.0 -0.39 -0.23 -0.08     0     0     0     0
delfzijl-del-nl-rws        6.9  53.3  0.14  0.38  0.63     0     2     5     2
denhelder-hel-nl-rws       4.7  53.0  0.18  0.34  0.51     1     5    13     6
devonport-p002-uk-bo      -4.2  50.4  0.23  0.38  0.54    62   226   593   265
dieppe-dieppe-france       1.1  49.9  0.16  0.35  0.54   115   379   745   400
donges-donges-france      -2.1  47.3  0.22  0.36  0.50    23    77   199    90
dongfang-637a-china-       108.6  19.1  0.22  0.37  0.54    53   240   814   311
duck_pier,nc-260a-us      -75.7  36.2  0.34  0.57  0.80    26   152   836   253
dunkerque-dunkerque-       2.4  51.0  0.16  0.36  0.55     5    27   101    36
durban,southafrica-d       31.1 -29.9  0.28  0.42  0.57   519   863  1462   919
unalaska-9462620-usa      -166.5  53.9  0.22  0.38  0.56   273   540   983   578
easter_c-022c-chile-      -109.4 -27.1  0.24  0.38  0.54    14    74   526   144
eastport,me-740a-usa      -67.0  44.9  0.01  0.30  0.59     1    87   490   146
enewetok_a-006a-rep.       162.4  11.4  0.28  0.44  0.63  1200  1200  1200  1200
ensenada-317a-mexico      -116.6  31.9  0.25  0.40  0.56  1200  1200  1200  1200
esbjerg-130121-denma       8.4  55.5  0.10  0.36  0.62     1     4    10     4
esmeraldas-098a-ecua      -79.6  1.0  0.23  0.35  0.48   134   360   805   403
esperance-176a-austr       121.9 -33.9  0.25  0.41  0.58    53   235   926   324
faraday-700a-united_      -64.3 -65.2 -0.26 -0.00  0.27     0     1    86    17
felixstowe-p204-uk-b       1.3  52.0  0.19  0.39  0.59     6    42   176    60
fishguard-p055-uk-bo      -5.0  52.0  0.15  0.31  0.47    28   125   344   147
forsmark-003-sweden-       18.2  60.4 -0.53 -0.38 -0.23     0     0     0     0
fort_denison-333a-au       151.2 -33.9  0.24  0.41  0.59   482   884  1594   950
fort_pulaski,ga-752a      -80.9  32.0  0.26  0.46  0.67   124   462  1466   586
freeport-8772440-usa      -95.3  28.9  0.30  0.45  0.61     2     5    13     6
fremantle-175a-austr       115.7 -32.0  0.23  0.40  0.59    46   203   804   283
french_frigate_a-014      -166.3  23.9  0.27  0.43  0.60  1200  1200  1200  1200
fukaura-fukaura-japa       139.9  40.6  0.23  0.35  0.49   831   831   831   831
fukue-fukue-japan-jm       128.8  32.7  0.23  0.39  0.57   519   760  1125   787
fulfordharbour,bc-07      -123.5  48.8  0.19  0.33  0.48    18    80   263   103
funafuti,tuvalu-funa       179.2 -8.5  0.28  0.44  0.61    51   210   859   296
funchal_b-218b-portu      -16.9  32.6  0.26  0.41  0.58  1200  1200  1200  1200
furuogrund-004-swede       21.2  64.9 -0.73 -0.52 -0.31     0     0     0     0
galveston,pier_21-77      -94.8  29.3  0.27  0.42  0.60     1     3     6     3
gan-109a-rep._of_mal       73.2 -0.7  0.27  0.42  0.59  1200  1200  1200  1200
gedser-837a-denmark-       11.9  54.6  0.05  0.32  0.60     1     6    26     9
geting-326a-malaysia       102.1  6.2  0.24  0.37  0.51    47   175   597   229
gladstone-p234-uk-bo      -3.0  53.4  0.15  0.24  0.33     7    21    47    23
goteborgtorshamnen-0       11.8  57.7 -0.09  0.13  0.35     0     4    27     7
grandisle-8761724-us      -90.0  29.3  0.29  0.47  0.67     0     2     5     2
groote_eylandt-145a-       136.4 -13.9  0.25  0.42  0.60     1     7    21     9
guam-053a-usa_trust-       144.7  13.4  0.26  0.43  0.61  1200  1200  1200  1200
guaymas-397a-mexico-      -110.9  27.9  0.22  0.36  0.52   872   872   872   872
hachinohe-hachinohe-       141.5  40.5  0.19  0.37  0.56  1406  1512  1632  1513
haikou-638a-china-uh       110.3  20.0  0.21  0.37  0.55     2     9    29    11
hakodate-hakodate-ja       140.7  41.8  0.22  0.34  0.47   878  1224  1731  1258
halifax-275a-canada-      -63.6  44.7  0.18  0.46  0.75    22   226  1354   384
hamada-hamada-japan-       132.1  34.9  0.22  0.35  0.49    24   109   583   177
hamina-002-finland-f       27.2  60.6 -0.24  0.01  0.26     0     1    12     3
hanasaki-hanasaki-ja       145.6  43.3  0.16  0.37  0.60    36   225  1346   392
hanko-003-finland-fm       23.0  59.8 -0.28 -0.04  0.21     0     1    17     4
heimsjoe-001-norway-       9.1  63.4 -0.10  0.03  0.16     0     2     9     3
helsinki-004-finland       25.0  60.2 -0.24  0.01  0.26     0     1    17     4
heysham-p050-uk-bodc      -2.9  54.0  0.15  0.24  0.33     4    10    21    11
hillarys-132a-austra       115.7 -31.8  0.22  0.40  0.60    22   130   640   202
hilo,_hawaii-060a-us      -155.1  19.7  0.26  0.43  0.61  1200  1200  1200  1200
hinkleypoint-p003-uk      -3.1  51.2  0.22  0.33  0.45    61   133   235   139
hiron_point-134a-ban       89.5  21.8  0.18  0.33  0.50     5    26   103    36
hobart-339a-australi       147.3 -42.9  0.26  0.42  0.59   118   407  1310   519
hoekvanholla-hvh-nl-       4.1  52.0  0.18  0.34  0.51     2     6    16     7
holyhead-p054-uk-bod      -4.6  53.3  0.13  0.30  0.46    12    76   248    96
hong_kong_b-329b-chi       114.2  22.3  0.23  0.38  0.55    11    48   183    66
honiara,solomonislan       160.0 -9.4  0.25  0.43  0.62  1200  1200  1200  1200
honningsvaag-002-nor       26.0  71.0 -0.06  0.12  0.30     0     6    44    12
honolulu_b,hawaii-05      -157.9  21.3  0.27  0.43  0.60  1200  1200  1200  1200
hornbaek-838a-denmar       12.5  56.1 -0.03  0.22  0.48     1     7    41    12
hosojima-358a-japan-       131.7  32.4  0.21  0.40  0.61     6    36   232    67
humboldt_bay,_ca-576      -124.2  40.8  0.23  0.39  0.57    90   377  1204   473
ilha_fiscal,rj-280a-      -43.2 -22.9  0.25  0.39  0.55    30   149   707   229
immingham-p026-uk-bo      -0.2  53.6  0.17  0.38  0.59     4    18    60    23
ishigaki-ishigaki-ja       124.2  24.3  0.26  0.42  0.60    14    78   417   130
johnston-052a-usa_tr      -169.5  16.7  0.27  0.44  0.63   163   434  1305   551
johor_baharu-321a-ma       103.8  1.5  0.25  0.38  0.52   173   492  1165   557
juan_fernandez_b-021      -78.8 -33.6  0.24  0.38  0.54  1200  1200  1200  1200
juneau-9452210-usa-n      -134.4  58.3  0.12  0.27  0.42     4    17    55    22
kagoshima-kagoshima-       130.6  31.6  0.22  0.39  0.58     8    38   180    59
kahului-059a-usa-uhs      -156.5  20.9  0.27  0.43  0.61  1200  1200  1200  1200
kalix-006-sweden-smh       23.1  65.7 -0.79 -0.53 -0.27     0     0     0     0
kanmen_a-632a-china-       121.3  28.1  0.20  0.33  0.48     2     6    16     7
kanton_b-013b-rep._o      -171.7 -2.8  0.28  0.44  0.61  1200  1200  1200  1200
kaohsiung-340a-repub       120.3  22.6  0.25  0.40  0.57   230   503  1166   584
kapingamarangi-029a-       154.8  1.1  0.29  0.44  0.61  1200  1200  1200  1200
kaskinen-005-finland       21.2  62.3 -0.60 -0.44 -0.29     0     0     0     0
kawasaki-kawasaki-ja       139.8  35.5  0.19  0.38  0.58    10    80   673   172
keelung-341a-republi       121.7  25.2  0.23  0.39  0.57     5    26   174    50
kelang-140a-malaysia       101.4  3.0  0.22  0.34  0.48    77   214   487   241
keling-141a-malaysia       102.2  2.2  0.23  0.39  0.57   684  1066  1658  1111
kemi-006-finland-fmi       24.5  65.7 -0.79 -0.53 -0.27     0     0     1     0
kerguelen-180a-franc       70.2 -49.3  0.30  0.47  0.67  1200  1200  1200  1200
ketchikan,ak-571a-us      -131.6  55.3  0.02  0.20  0.38     2    36   156    53
key_west,fl-242a-usa      -81.8  24.6  0.30  0.46  0.63  1200  1200  1200  1200
kinlochbervi-p918-uk      -5.1  58.5  0.00  0.21  0.43     1    11    53    17
klagshamn-007-sweden       12.9  55.5  0.02  0.28  0.54     1     8    46    14
ko_lak-328a-thailand       99.8  11.8  0.23  0.36  0.50   106   302   747   349
ko_taphao_noi-148a-t       98.4  7.8  0.23  0.38  0.56  1035  1264  1543  1273
kobe-kobe-japan-jma        135.2  34.7  0.23  0.36  0.51     5    18    63    24
kochi-kochi-japan-jm       133.6  33.5  0.22  0.36  0.52     2     8    25    10
kodiak_isl.,alaska-0      -152.5  57.7  0.16  0.35  0.55     8    63   287    94
komatsushima-komatsu       134.6  34.0  0.22  0.36  0.52    10    46   205    69
kota_kinabalu-386a-m       116.1  6.0  0.23  0.39  0.56   205   500  1184   578
kuantan-322a-malaysi       103.4  4.0  0.23  0.39  0.57    45   200   689   264
kuchinotsu-kuchinots       130.2  32.6  0.23  0.39  0.57    98   350  1073   438
kukup-325a-malaysia-       103.4  1.3  0.25  0.37  0.51   743  1149  1763  1194
kungsholmsfort-008-s       15.6  56.1 -0.03  0.20  0.43     0    20   150    40
kungsvik-009-sweden-       11.1  59.0 -0.18  0.03  0.23     0     2    17     4
kushimoto-kushimoto-       135.8  33.5  0.23  0.36  0.51    83   266   864   341
kushiro-kushiro-japa       144.4  43.0  0.21  0.34  0.49    25   140   873   249
kwajalein-055a-rep._       167.7  8.7  0.28  0.44  0.62  1200  1200  1200  1200
la_jolla,ca-554a-usa      -117.3  32.9  0.17  0.34  0.52   707  1017  1427  1040
la_libertad-091a-ecu      -80.9 -2.2  0.22  0.36  0.53   327   660  1263   717
la_paz-671a-mexico-u      -110.3  24.2  0.26  0.42  0.59  1200  1200  1200  1200
la_union_a-086a-el_s      -87.8  13.3  0.23  0.38  0.54   876  1057  1269  1064
landsort1-011-sweden       17.9  58.7 -0.25 -0.02  0.21     0     1    30     6
langkawi-142a-malays       99.8  6.4  0.22  0.38  0.56   444   833  1509   893
las_palmas-laspalmas      -15.4  28.1  0.26  0.41  0.56  1200  1200  1200  1200
lautoka-402a-fiji-uh       177.4 -17.6  0.28  0.43  0.60   848  1091  1408  1105
le_conquet-le_conque      -4.8  48.4  0.23  0.37  0.52   101   263   520   281
le_pellerin-le_pelle      -1.8  47.2  0.22  0.36  0.50     2     5    11     6
legaspi-371a-philipp       123.8  13.2  0.23  0.40  0.58  1200  1200  1200  1200
lerwick-p041-uk-bodc      -1.1  60.2  0.10  0.29  0.47     7    87   447   139
lewes,de-747a-usa-uh      -75.1  38.8  0.33  0.53  0.74     9    39   176    60
lianyungang-639a-chi       119.4  34.8  0.19  0.37  0.56    14    74   267    98
limetree_bay-254a-us      -64.8  17.7  0.29  0.43  0.58  1034  1034  1034  1034
lobos_de_afuera-084a      -80.7 -6.9  0.22  0.37  0.54   379   752  1448   824
lord_howe_b-399b-aus       159.1 -31.5  0.29  0.43  0.60   109   369  1116   452
los_angeles,ca-567a-      -118.3  33.7  0.12  0.29  0.47   235   620  1322   682
lowestoft-p024-uk-bo       1.8  52.5  0.18  0.38  0.58     1     5    13     6
lumut-143a-malaysia-       100.6  4.2  0.22  0.34  0.48   158   484  1227   561
lusi_a-633a-china-uh       121.6  32.1  0.20  0.33  0.48     1     5    15     6
maaloey-003-norway-s       5.1  61.9 -0.02  0.18  0.38     0    19   146    39
magueyes_island,pr-2      -67.0  18.0  0.28  0.42  0.58  1103  1103  1103  1103
maisaka-maisaka-japa       137.6  34.7  0.22  0.35  0.51     0     2     4     2
maizuru-maizuru-japa       135.4  35.5  0.20  0.38  0.57   807   807   807   807
majuro,marshallislan       171.4  7.1  0.28  0.44  0.61  1200  1200  1200  1200
makurazaki-makurazak       130.3  31.3  0.22  0.39  0.58     6    26   123    40
malaga-mala-spain-ie      -4.4  36.7  0.23  0.32  0.42  1186  1186  1186  1186
malakal_b-007b-repub       134.5  7.3  0.25  0.42  0.60  1200  1200  1200  1200
male_b,hulule-108b-r       73.5  4.2  0.27  0.41  0.58  1200  1200  1200  1200
malin_head-834a-irel      -7.3  55.4  0.03  0.24  0.45     2    30   155    48
manila_a-370a-philip       121.0  14.6  0.23  0.36  0.51   185   435   975   491
manta_b-089b-ecuador      -80.7 -0.9  0.23  0.37  0.54    67   277   874   346
mantyluoto-007-finla       21.5  61.6 -0.48 -0.34 -0.20     0     0     0     0
manzanillo_a-395a-me      -104.3  19.1  0.26  0.40  0.55   997  1104  1230  1108
marsden_point-398a-n       174.5 -35.8  0.26  0.43  0.61    94   350  1172   455
marviken-012-sweden-       16.8  58.6 -0.17  0.07  0.30     0     4   104    21
massacre_bay,ak-550a       173.2  52.8  0.21  0.37  0.55   790   977  1203   986
matarani_b-094b-peru      -72.1 -17.0  0.21  0.36  0.52  1200  1200  1200  1200
matsuyama-matsuyama-       132.7  33.9  0.21  0.40  0.61    16   117   633   191
mayport,fl-753a-usa-      -81.4  30.4  0.27  0.47  0.67   780  1061  1464  1088
mazatlan-673a-mexico      -106.4  23.2  0.26  0.40  0.55  1200  1200  1200  1200
mera-mera-japan-jma        139.8  34.9  0.21  0.38  0.57    25   152   977   276
midway-050a-usa_trus      -177.4  28.2  0.28  0.45  0.64     7    35   193    60
millport-p049-uk-bod      -4.9  55.7  0.03  0.21  0.40     1     4    16     6
misumi-misumi-japan-       130.4  32.6  0.23  0.39  0.57   221   537  1153   597
miyakejima-357a-japa       139.5  34.1  0.21  0.38  0.57    11    63   374   110
miyako-miyako-japan-       142.0  39.6  0.18  0.38  0.60  1200  1200  1200  1200
mokuoloe-061a-usa-uh      -157.8  21.4  0.27  0.43  0.60  1200  1200  1200  1200
montauk,ny-279a-usa-      -72.0  41.0  0.24  0.50  0.77     4    25   161    48
monterey,ca-555a-usa      -121.9  36.6  0.24  0.40  0.57   513   881  1461   922
mossel_bay-185a-sout       22.1 -34.2  0.28  0.43  0.60   112   394  1186   489
murotomisaki-murotom       134.2  33.3  0.22  0.36  0.52     3    10    34    13
nagasaki-nagasaki-ja       129.9  32.7  0.23  0.39  0.57   166   430  1018   491
nagoya-nagoya-japan-       136.9  35.1  0.23  0.36  0.52     5    16    52    21
naha-naha-japan-jma        127.7  26.2  0.25  0.42  0.61   101   320   988   405
nakano_shima-345a-ja       129.8  29.8  0.25  0.41  0.60    35   158   651   226
nantes_usine_brulee-      -1.6  47.2  0.22  0.36  0.50    25    94   266   113
nantucketisland-8449      -70.1  41.3  0.15  0.46  0.78     5    65   829   184
napier-668a-new_zeal       176.9 -39.5  0.24  0.39  0.55  1200  1200  1200  1200
napoli-napoli-italy-       14.3  40.8  0.25  0.33  0.43  1070  1070  1070  1070
nauru-nauru-glossdm-       166.9 -0.5  0.29  0.44  0.61   966  1228  1578  1249
nawiliwili-058a-usa-      -159.3  22.0  0.27  0.43  0.61  1200  1200  1200  1200
naze-359a-japan-uhsl       129.5  28.4  0.25  0.42  0.62   151   369   904   433
neah_bay,wa-558a-usa      -124.6  48.4  0.19  0.33  0.48    13    54   179    70
new_london,ct-744a-u      -72.1  41.4  0.22  0.49  0.77     2     9    42    14
new_york,ny-745a-usa      -74.0  40.7  0.25  0.53  0.81     5    34   234    67
newhaven-p011-uk-bod       0.1  50.8  0.19  0.31  0.43    22    72   181    82
newlyn,_cornwall-294      -5.5  50.1  0.23  0.37  0.52    81   257   605   289
newport,ri-253a-usa-      -71.3  41.5  0.15  0.46  0.78    16   171  1257   332
newport-p057-uk-bodc      -3.0  51.5  0.22  0.33  0.45    53   115   203   120
nishinoomote-363a-ja       131.0  30.7  0.23  0.40  0.59   143   362   882   422
nome,ak-595a-usa-uhs      -165.4  64.5  0.23  0.36  0.50     0     2     8     3
noumea_a-019a-france       166.4 -22.3  0.27  0.42  0.59  1200  1200  1200  1200
nuku_alofa-038a-tong      -175.2 -21.1  0.28  0.42  0.59  1200  1200  1200  1200
ny_alesund-823a-norw       11.9  78.9 -0.54 -0.26  0.01     0     0     2     1
ofunato-ofunato-japa       141.8  39.0  0.21  0.33  0.47    98   352  1284   481
okada-okada-japan-jm       139.4  34.8  0.21  0.38  0.57   488   829  1467   894
olandsnorraudde-013-       17.1  57.4 -0.17  0.07  0.30     0     2    28     7
omaezaki-omaezaki-ja       138.2  34.6  0.22  0.35  0.51    39   169   760   249
onahama-onahama-japa       140.9  36.9  0.20  0.33  0.48    47   228  1126   355
osaka-osaka-japan-jm       135.4  34.6  0.23  0.36  0.51     2     7    17     8
oskarshamn-014-swede       16.5  57.3 -0.09  0.15  0.39     0     8    91    22
oslo-004-norway-stat       10.7  59.9 -0.18  0.03  0.23     0     1     8     2
otranto-otranto-ital       18.5  40.1  0.23  0.32  0.42   595   595   595   595
oulu-008-finland-fmi       25.4  65.0 -0.79 -0.53 -0.27     0     0     0     0
oura-oura-japan-jma        130.2  33.0  0.23  0.39  0.57    25   108   384   144
owase-owase-japan-jm       136.2  34.1  0.23  0.36  0.52    12    53   258    84
pago_pago-056a-usa_t      -170.7 -14.3  0.27  0.43  0.60  1200  1200  1200  1200
paita_b-678b-peru-uh      -81.2 -5.1  0.23  0.38  0.54   203   551  1390   651
palinuro-palinuro-it       15.3  40.0  0.26  0.34  0.44  1092  1092  1092  1092
papeete_b-015b-frenc      -149.6 -17.5  0.26  0.41  0.57  1149  1149  1149  1149
penang-144a-malaysia       100.3  5.4  0.23  0.35  0.49   461   837  1470   890
penrhyn-024a-cook_is      -158.1 -9.0  0.27  0.43  0.60   947   947   947   947
pensacola,fl-762a-us      -87.2  30.4  0.29  0.47  0.67     2     4    11     5
philadelphia_pier9n_      -75.1  39.9  0.29  0.56  0.83     4    28   177    53
pietarsaari-009-finl       22.7  63.7 -0.65 -0.47 -0.28     0     0     0     0
pisco_b-683b-peru-uh      -76.1 -13.4  0.22  0.34  0.47   406   782  1584   876
pohnpei_b-001b-fd._s       158.2  7.0  0.27  0.43  0.61  1200  1200  1200  1200
port_angeles,_wa-584      -123.4  48.1  0.19  0.33  0.48     7    40   141    52
port_elizabeth-184a-       25.6 -34.0  0.29  0.45  0.62   204   545  1437   656
port_hedland-169a-au       118.6 -20.3  0.25  0.41  0.59    48   163   406   187
portisabel-8779770-u      -97.2  26.1  0.30  0.45  0.62     1     5    13     6
port_kembla-342a-aus       150.9 -34.5  0.25  0.41  0.59  1268  1437  1647  1448
port_louis_c-103c-ma       57.5 -20.2  0.27  0.44  0.63   939   939   939   939
port_nolloth-701a-so       16.9 -29.2  0.27  0.41  0.57  1175  1289  1425  1292
portsanluis-9412110-      -120.8  35.2  0.23  0.38  0.55   472   849  1467   897
port_tudy-port_tudy-      -3.4  47.6  0.24  0.34  0.44    55   131   271   143
port_vendres-port_ve       3.1  42.5  0.25  0.34  0.45   513   534   562   536
port_vila_b-046b-van       168.3 -17.8  0.28  0.43  0.60  1200  1200  1200  1200
porterin-p919-uk-bod      -4.8  54.1  0.09  0.26  0.44     2    16    65    23
portland,me-252a-usa      -70.2  43.7 -0.00  0.33  0.67     2   131  1111   278
portland,s.aus.-129a       141.6 -38.3  0.26  0.39  0.52   390   658  1086   692
portpatrick-p063-uk-      -5.1  54.8  0.09  0.28  0.48     2    17    76    25
portrush-p935-uk-bod      -6.7  55.2  0.02  0.22  0.43     1    23   136    40
portsmouth-p008-uk-b      -1.1  50.8  0.20  0.32  0.44    27   101   291   123
prince_rupert_b-540b      -130.3  54.3 -0.03  0.11  0.26     0    10    50    16
providence_statepier      -71.4  41.8  0.15  0.46  0.78     2    25   235    61
prudhoe_bay,_ak-579a      -148.5  70.4  0.12  0.38  0.65     1    16    90    27
pt._la_rue-121a-seyc       55.5 -4.7  0.29  0.44  0.61  1200  1200  1200  1200
puerto_angel-672a-me      -96.5  15.7  0.25  0.40  0.55  1200  1200  1200  1200
puerto_cortes-780a-h      -88.0  15.8  0.26  0.39  0.53   791   791   791   791
puerto_montt-684a-ch      -73.0 -41.5  0.18  0.27  0.39    35    90   190    99
puertowilliams,chile      -67.6 -54.9  0.22  0.34  0.48     8    29    93    37
quepos,costarica-que      -84.2  9.4  0.25  0.37  0.50   533   857  1340   892
raahe-010-finland-fm       24.4  64.7 -0.77 -0.53 -0.28     0     0     0     0
rabaul-010a-papua_ne       152.2 -4.2  0.26  0.42  0.61  1200  1200  1200  1200
rarotonga,cookisland      -159.8 -21.2  0.27  0.42  0.58    16    82   659   169
ratan-015-sweden-smh       20.9  64.0 -0.67 -0.49 -0.32     0     0     0     0
rauma-011-finland-fm       21.4  61.1 -0.35 -0.18 -0.00     0     0     1     0
reedypoint-8551910-u      -75.6  39.6  0.29  0.56  0.83    33   213  1362   384
reykjavik-reykjavik-      -21.9  64.2 -0.24 -0.00  0.23     0     1    56    11
rikitea-016a-french_      -135.0 -23.1  0.25  0.40  0.56  1200  1200  1200  1200
ringhals-016-sweden-       12.1  57.2 -0.09  0.13  0.35     0     3    14     4
rockport,_tx-769a-us      -97.0  28.0  0.30  0.45  0.62     2     6    18     8
rodrigues-105a-mauri       63.4 -19.7  0.27  0.43  0.62    66   236   914   331
roervik-005-norway-s       11.2  64.9 -0.18  0.03  0.23     0     1     8     2
roscoff-roscoff-fran      -4.0  48.7  0.23  0.37  0.52    16    49   113    55
rosslyn_bay-330a-aus       150.8 -23.2  0.28  0.43  0.60   278   649  1278   698
s.cruz_d._palma_b-20      -17.8  28.7  0.26  0.41  0.57  1303  1336  1371  1337
sabine_pass_n,tx-766      -93.9  29.7  0.29  0.46  0.64     0     2     6     2
saigo-saigo-japan-jm       133.3  36.2  0.22  0.39  0.58   893   893   893   893
saint_gildas-saint_g      -2.2  47.1  0.22  0.36  0.50    13    45   122    53
saint_malo-saint_mal      -2.0  48.6  0.23  0.34  0.45    97   183   297   188
saipan_b-028b-n._mar       145.7  15.2  0.25  0.43  0.62     4    18   167    45
sakai-sakai-japan-jm       133.2  35.5  0.22  0.35  0.49    28   111   557   177
salalah-114a-oman-uh       54.0  16.9  0.22  0.36  0.53  1200  1200  1200  1200
salina_cruz-394a-mex      -95.2  16.2  0.25  0.39  0.55   930  1234  1689  1265
san_diego-569a-usa-u      -117.2  32.7  0.17  0.34  0.52   437   823  1432   869
san_felix-035a-chile      -80.1 -26.3  0.25  0.38  0.54  1200  1200  1200  1200
san_francisco,ca-551      -122.5  37.8  0.20  0.36  0.53    47   250  1119   369
san_jose-675a-guatem      -90.8  13.9  0.25  0.40  0.56  1472  1559  1659  1564
san_juan,pr-245a-usa      -66.1  18.5  0.28  0.42  0.58  1200  1200  1200  1200
san_juan_a-096a-peru      -75.2 -15.4  0.22  0.36  0.52  1200  1200  1200  1200
sand_point,ak-574a-u      -160.5  55.3  0.16  0.37  0.58    12    88   382   128
sandyhook-8531680-us      -74.0  40.5  0.25  0.53  0.81     4    25   144    45
santa_cruz-030a-ecua      -90.3 -0.8  0.26  0.41  0.57  1200  1200  1200  1200
santa_monica,_ca-578      -118.5  34.0  0.12  0.29  0.47   104   457  1281   543
santander-sant-spain      -3.8  43.5  0.21  0.32  0.45   117   298   596   321
seattle-9447130-usa-      -122.3  47.6  0.19  0.33  0.48    17    82   295   110
sedili-324a-malaysia       104.1  1.9  0.25  0.38  0.52    46   170   538   215
seldovia-9455500-usa      -151.7  59.4  0.09  0.29  0.50     5    39   136    51
seward_c,ak-560c-usa      -149.4  60.1  0.12  0.29  0.47     6    41   153    56
sewellspoint,hampton      -76.3  36.9  0.34  0.57  0.80     3     9    27    11
shanwei-641a-china-u       115.3  22.8  0.23  0.36  0.51    32   140   481   184
shijiusuo-642a-china       119.5  35.4  0.19  0.37  0.58    12    83   372   122
shimizuminato-shimiz       138.5  35.0  0.22  0.35  0.51    51   215   910   310
shirahama-shirahama-       135.4  33.7  0.23  0.36  0.51    58   218   781   289
simon_s_town-221a-so       18.4 -34.2  0.28  0.43  0.59  1415  1471  1535  1474
simrishamn-017-swede       14.4  55.6  0.00  0.23  0.46     0    26   176    49
sitka,ak-559a-usa-uh      -135.3  57.1  0.18  0.32  0.47    11    44   135    55
skagsudde-018-sweden       19.0  63.2 -0.61 -0.45 -0.30     0     0     1     0
skagway-9452400-usa-      -135.3  59.5  0.00  0.20  0.40     1    18    87    28
skanor-019-sweden-sm       12.8  55.4  0.02  0.28  0.54     0     6    30    10
smogen-020-sweden-sm       11.2  58.4 -0.18  0.03  0.23     0     2    19     5
solomonsisland_biol.      -76.5  38.3  0.33  0.55  0.77   280   513   991   565
south_beach,or-592a-      -124.0  44.6  0.27  0.40  0.55    32   106   302   128
spikarna-021-sweden-       17.5  62.4 -0.61 -0.44 -0.28     0     0     0     0
spring_bay-335a-aust       147.9 -42.5  0.25  0.41  0.59   524   915  1579   975
springmaidpier-86610      -78.9  33.7  0.25  0.46  0.69    55   313  1339   451
st.johns,canada-st.j      -52.7  47.6  0.24  0.49  0.74    66   348  1383   482
st._petersburg,_fl-7      -82.6  27.8  0.30  0.47  0.66     5    17    74    26
stenungsund-022-swed       11.8  58.1 -0.09  0.13  0.35     0     5    38    10
steveston,bc-07607-c      -123.2  49.1  0.19  0.33  0.48     4    21    73    28
sthelier-p074-uk-bod      -2.1  49.2  0.23  0.34  0.45   111   213   345   218
stockholm-826a-swede       18.1  59.3 -0.25 -0.02  0.21     0     1    18     4
stornoway-p042-uk-bo      -6.4  58.2  0.02  0.23  0.45     1    48   229    74
sumoto-sumoto-japan-       134.9  34.4  0.22  0.36  0.52    14    65   305   101
surabaya-160a-indone       112.7 -7.2  0.26  0.39  0.54   600  1009  1629  1054
suva,fiji-suva,fiji-       178.4 -18.1  0.27  0.42  0.59  1200  1200  1200  1200
syowa,_antarctica-12       39.6 -69.0  0.23  0.37  0.52   367   775  1590   859
takamatsu-takamatsu-       134.1  34.4  0.22  0.36  0.52     7    32   146    50
talara_b-092b-peru-u      -81.3 -4.6  0.23  0.37  0.54   177   502  1323   596
tanjong_pagar-699a-s       103.9  1.3  0.25  0.38  0.52   132   425  1222   517
tannowa-tannowa-japa       135.2  34.3  0.23  0.36  0.51    18    82   345   118
taranaki-076a-new_ze       174.0 -39.0  0.23  0.36  0.49     1     4     9     5
tarawa_d,betio-002d-       172.9  1.4  0.28  0.44  0.61  1200  1200  1200  1200
tarifa-tari-spain-ie      -5.6  36.0  0.20  0.28  0.38   279   577  1134   628
tauranga-073a-new_ze       176.2 -37.6  0.24  0.37  0.52  1162  1316  1515  1327
tawau-385a-malaysia-       117.9  4.2  0.25  0.37  0.51  1200  1200  1200  1200
tenerife-tenerife-sp      -16.2  28.5  0.26  0.41  0.57  1200  1200  1200  1200
thevenard-128a-austr       133.6 -32.1  0.24  0.40  0.57    15    68   224    87
tioman-323a-malaysia       104.1  2.8  0.26  0.38  0.52    53   180   535   224
toba-toba-japan-jma        136.8  34.5  0.23  0.36  0.52    14    58   259    87
tobermory-p223-uk-bo      -6.1  56.6  0.00  0.22  0.43     1    13    70    21
tofino-542a-canada-u      -125.9  49.1  0.14  0.28  0.43     6    26    93    35
tokyo-tokyo-japan-jm       139.8  35.6  0.19  0.38  0.58     4    23   142    43
tosashimizu-tosashim       133.0  32.8  0.21  0.40  0.61     3    10    40    14
townsville-334a-aust       146.8 -19.2  0.27  0.40  0.54    60   172   409   196
toyama-toyama-japan-       137.2  36.8  0.23  0.35  0.48   771   771   771   771
tregde-804a-norway-u       7.6  58.0  0.00  0.23  0.45     1    25   247    61
trieste-270061-italy       13.8  45.6  0.20  0.28  0.38     8    24    59    27
tumaco-303a-colombia      -78.7  1.8  0.23  0.33  0.46    93   253   595   287
turku-012-finland-fm       22.1  60.4 -0.35 -0.18 -0.00     0     0     1     0
uchiura-uchiura-japa       138.9  35.0  0.22  0.35  0.51    84   291   953   376
ullapool-p043-uk-bod      -5.2  57.9  0.00  0.21  0.43     1    24   127    39
uno-uno-japan-jma          133.9  34.5  0.22  0.35  0.49     8    28   109    39
uragami-uragami-japa       135.9  33.6  0.23  0.36  0.51    10    40   189    64
uwajima-uwajima-japa       132.6  33.2  0.21  0.40  0.61    40   213  1037   331
vaasa-013-finland-fm       21.6  63.1 -0.67 -0.49 -0.31     0     0     0     0
valdez,ak-562a-usa-u      -146.4  61.1  0.05  0.23  0.42     2    29   132    43
valencia-valencia-sp      -0.3  39.5  0.26  0.35  0.45   556   556   556   556
valparaiso-081a-chil      -71.6 -33.0  0.21  0.32  0.44   685  1042  1550  1076
varberg1-024-sweden-       12.2  57.1 -0.03  0.22  0.48     0    28   215    58
venezia-punta_salute       12.4  45.4  0.20  0.28  0.38     6    20    53    24
victoria,bc-543a-can      -123.4  48.4  0.19  0.33  0.48    16    74   260    98
vigo-vigo-spain-ieo       -8.7  42.2  0.22  0.37  0.52    33   128   382   157
visby-026-sweden-smh       18.3  57.6 -0.18  0.07  0.33     0     6   156    30
wakayama-wakayama-ja       135.2  34.2  0.23  0.36  0.51    18    77   336   114
wake-051a-usa_trust-       166.6  19.3  0.26  0.43  0.63    47   192  1057   324
wakkanai-wakkanai-ja       141.7  45.4  0.19  0.36  0.56   264   495   945   534
washingtondc-8594900      -77.0  38.9  0.33  0.55  0.77     2     5    14     6
wellington-071a-new_       174.8 -41.3  0.23  0.36  0.51  1017  1332  1768  1356
weymouth-p991-uk-bod      -2.4  50.6  0.22  0.33  0.45    42   148   421   179
whitby-p174-uk-bodc       -0.6  54.5  0.13  0.31  0.48     3    17    60    22
wick-p035-uk-bodc         -3.1  58.4  0.03  0.25  0.46     1    38   232    67
willapa_bay,_wa-564a      -124.0  46.7  0.24  0.39  0.55     6    21    59    25
willetspoint-8516990      -73.8  40.8  0.25  0.53  0.81     1     4    12     5
wilmington,nc-750a-u      -78.0  34.2  0.27  0.48  0.69    47   248  1311   404
wladyslawowo-wlad-po       18.4  54.8 -0.06  0.19  0.44     0     8    67    17
woods_hole,ma-742a-u      -70.7  41.5  0.15  0.46  0.78     2    18   173    46
workington-p217-uk-b      -3.6  54.7  0.09  0.26  0.44     2    16    53    20
wyndham-165a-austral       128.1 -15.5  0.22  0.36  0.52   229   643  1469   722
xiamen-376a-china-uh       118.1  24.4  0.22  0.38  0.56    10    42   145    55
yakutat-9453220-usa-      -139.7  59.5  0.01  0.20  0.41     1    16    94    28
yap_b-008b-fd._st._m       138.1  9.5  0.26  0.43  0.61    38   163  1046   295
yokohama-yokohama-ja       139.6  35.5  0.19  0.38  0.58     9    72   587   152
ystad-027-sweden-smh       13.8  55.4  0.00  0.23  0.46     1    29   176    51
zanzibar-151a-tanzan       39.2 -6.2  0.28  0.40  0.55   415   766  1271   797
zhapo_a-635a-china-u       111.8  21.6  0.20  0.37  0.55    19    96   381   134
burrulus_tide              31.0  31.6  0.23  0.32  0.42     2    12    39    15
lautoka_fiji_uhslc         177.4 -17.6  0.28  0.43  0.60  1312  1374  1440  1375
