name                         lon   lat  RSL_05 RSL_50 RSL_95 AF_05 AF_50 AF_95 AF_mean
abashiri-abashiri-ja       144.3  44.0  0.45  0.65  0.88  1200  1200  1200  1200
aburatsu-aburatsu-ja       131.4  31.6  0.46  0.74  1.08  1005  1005  1005  1005
acajutla_a-082a-el_s      -89.8  13.6  0.47  0.70  0.97  1200  1200  1200  1200
acapulco_a,gro.-316a      -99.9  16.8  0.46  0.67  0.93  1200  1200  1200  1200
adak,alaska-040a-usa      -176.6  51.9  0.42  0.68  0.98  1008  1008  1008  1008
alameda_navalairstat      -122.3  37.8  0.40  0.63  0.90  1200  1200  1200  1200
alertbay,bc-08280-ca      -126.9  50.6  0.26  0.42  0.62    38   139   447   179
algeciras-alge-spain      -5.4  36.1  0.41  0.56  0.73    36   124   678   206
anchorage-9455920-us      -149.9  61.2  0.29  0.53  0.79   113   405   988   461
ancona-ancona-italy-       13.5  43.6  0.36  0.53  0.71     1     8    22     9
annapolis_navalacade      -76.5  39.0  0.63  0.91  1.22  1019  1109  1213  1111
antofagasta-080a-chi      -70.4 -23.6  0.44  0.61  0.81  1200  1200  1200  1200
apia_b-401b-western_      -171.8 -13.8  0.51  0.74  1.02  1200  1200  1200  1200
arrecife-arre-spain-      -13.5  29.0  0.51  0.72  0.97  1200  1200  1200  1200
astoria,or-572a-usa-      -123.8  46.2  0.41  0.63  0.88   205   549  1421   651
atlantic_city-264a-u      -74.4  39.4  0.57  0.91  1.26  1200  1200  1200  1200
ayukawa-ayukawa-japa       141.5  38.3  0.47  0.67  0.90  1200  1200  1200  1200
bahia_los_angeles-31      -113.5  29.0  0.49  0.71  0.97  1200  1200  1200  1200
balboa-302a-panama-u      -79.6  9.0  0.55  0.74  0.97  1171  1171  1171  1171
baltimore-8574680-us      -76.6  39.3  0.63  0.91  1.22   134   367  1250   492
baltra_b-003b-ecuado      -90.3 -0.4  0.50  0.72  0.99  1200  1200  1200  1200
bangor-p662-uk-bodc       -5.7  54.7  0.33  0.58  0.83     1     5    14     6
barcelona-barcelona-       2.2  41.3  0.48  0.65  0.85   572   572   572   572
barharbor,frenchmanb      -68.2  44.4  0.27  0.63  1.01   564  1028  1771  1085
bari-bari-italy-idro       16.9  41.1  0.41  0.58  0.77   823   823   823   823
barmouth-p923-uk-bod      -4.0  52.7  0.39  0.61  0.83    81   261   669   302
bayonne_boucau-bayon      -1.5  43.5  0.44  0.60  0.79   787   999  1282  1014
beihai-636a-china-uh       109.1  21.5  0.46  0.69  0.96   141   390  1062   471
bermuda,st.georgesis      -64.7  32.4  0.39  0.69  1.02  1200  1200  1200  1200
bilbao-bilbao-spain-      -3.0  43.4  0.44  0.62  0.82  1200  1200  1200  1200
bintulu-387a-malaysi       113.1  3.2  0.50  0.72  0.98  1048  1048  1048  1048
bonanza-bonanza-spai      -6.3  36.8  0.48  0.64  0.84   377   651  1144   695
booby_island-336a-au       141.9 -10.6  0.53  0.75  1.03  1335  1345  1354  1345
boston,ma-741a-usa-u      -71.1  42.4  0.34  0.73  1.15   326   807  1837   920
brest-822a-france-uh      -4.5  48.4  0.46  0.66  0.89   214   478   954   519
bridgeport-8467150-u      -73.2  41.2  0.54  0.87  1.23   128   475  1842   669
brisbane-331a-austra       153.2 -27.4  0.54  0.76  1.02  1200  1200  1200  1200
broome-166a-australi       122.2 -18.0  0.51  0.74  1.00   341   654  1133   688
buenaventura-085a-co      -77.1  3.9  0.42  0.64  0.89  1121  1166  1224  1169
buenos_aires-285a-ar      -58.5 -34.7  0.41  0.65  0.93     8    25    84    33
bundaberg-332a-austr       152.4 -24.8  0.55  0.77  1.03  1200  1200  1200  1200
burnie-344a-australi       145.9 -41.0  0.48  0.70  0.97  1200  1200  1200  1200
cabo_san_lucas-034a-      -109.9  22.9  0.51  0.72  0.98  1200  1200  1200  1200
cadiz-cadi-spain-ieo      -6.3  36.5  0.48  0.64  0.84  1200  1200  1200  1200
cagliari-cagliari-it       9.1  39.2  0.48  0.66  0.86  1200  1200  1200  1200
callao_b-093b-peru-u      -77.2 -12.1  0.44  0.65  0.90  1200  1200  1200  1200
cambridgeii-8571892-      -76.1  38.6  0.63  0.91  1.22  1200  1200  1200  1200
cananeia-281a-brazil      -47.9 -25.0  0.48  0.72  1.00    53   223  1200   365
cape_ferguson-343a-a       147.1 -19.3  0.54  0.75  0.99   731  1001  1428  1035
capemay-8536110-usa-      -75.0  39.0  0.62  0.89  1.19  1200  1200  1200  1200
cape_town-704a-south       18.4 -33.9  0.53  0.77  1.04  1200  1200  1200  1200
carloforte-carlofort       8.3  39.1  0.48  0.66  0.86  1200  1200  1200  1200
carnarvon-167a-austr       113.7 -24.9  0.50  0.74  1.01  1200  1200  1200  1200
cartagena-265a-colom      -75.5  10.4  0.53  0.72  0.95  1200  1200  1200  1200
cascais-209a-portuga      -9.4  38.7  0.49  0.66  0.86  1200  1200  1200  1200
catania-catania-ital       15.1  37.5  0.50  0.66  0.86   814   814   814   814
cendering-320a-malay       103.2  5.3  0.50  0.72  0.99  1200  1200  1200  1200
ceuta-ceta-spain-ieo      -5.3  35.9  0.42  0.56  0.73  1200  1200  1200  1200
charchanga-138a-bang       91.0  22.2  0.43  0.61  0.83     7    27    74    32
charleston,or-575a-u      -124.3  43.3  0.43  0.65  0.92   487   851  1555   925
charleston,sc-261a-u      -79.9  32.8  0.53  0.82  1.13  1200  1200  1200  1200
charlotte_amalie-255      -64.9  18.3  0.51  0.74  1.00  1200  1200  1200  1200
chesapeake_bbt-749a-      -76.1  37.0  0.60  0.91  1.25    40   170   870   269
chichijima-chichijim       142.2  27.1  0.50  0.80  1.14   924   924   924   924
choshigyoko-choshigy       140.9  35.8  0.44  0.73  1.06  1200  1200  1200  1200
christmas_b-011b-rep      -157.5  2.0  0.52  0.75  1.03  1200  1200  1200  1200
churchill-274a-canad      -94.2  58.8 -1.73 -0.84  0.06     0     0     2     2
truk,fed.micronesia-       151.8  7.5  0.53  0.77  1.05  1200  1200  1200  1200
ciudad_del_carmen-77      -91.8  18.5  0.52  0.71  0.95   569   569   569   569
cocos-171a-australia       96.9 -12.1  0.54  0.78  1.07  1200  1200  1200  1200
cordemais-cordemais-      -1.9  47.3  0.44  0.64  0.87   824  1102  1474  1123
cordova_b,alaska-583      -145.8  60.6  0.19  0.45  0.73    19   159   670   229
corpus_cristi,tx-770      -97.2  27.6  0.54  0.78  1.06     7    32   194    57
la_coruna-830a-spain      -8.4  43.4  0.44  0.67  0.93  1320  1325  1331  1325
cox_s_bazaar-136a-ba       91.8  21.4  0.43  0.61  0.83    82   259   782   325
crescent_city,ca-556      -124.2  41.7  0.42  0.65  0.93   494   872  1569   939
cristobal-266a-panam      -79.9  9.4  0.55  0.74  0.97  1200  1200  1200  1200
cuxhaven-cuxhaven-ge       8.7  53.9  0.38  0.70  1.03     2     5    11     5
darwin-168a-australi       130.8 -12.5  0.51  0.73  1.00  1367  1424  1495  1427
degerby-001-finland-       20.4  60.0 -0.12  0.12  0.37     0    14   190    42
delfzijl-del-nl-rws        6.9  53.3  0.41  0.71  1.02     1     4     9     4
denhelder-hel-nl-rws       4.7  53.0  0.46  0.68  0.92     7    21    54    25
devonport-p002-uk-bo      -4.2  50.4  0.47  0.67  0.90   876  1125  1462  1146
dieppe-dieppe-france       1.1  49.9  0.40  0.66  0.93   713  1033  1415  1044
donges-donges-france      -2.1  47.3  0.44  0.64  0.87   141   403   987   461
dongfang-637a-china-       108.6  19.1  0.47  0.69  0.95  1200  1200  1200  1200
duck_pier,nc-260a-us      -75.7  36.2  0.60  0.91  1.25  1200  1200  1200  1200
dunkerque-dunkerque-       2.4  51.0  0.42  0.68  0.96    44   216   846   300
durban,southafrica-d       31.1 -29.9  0.52  0.74  1.00  1200  1200  1200  1200
unalaska-9462620-usa      -166.5  53.9  0.42  0.67  0.95  1058  1058  1058  1058
easter_c-022c-chile-      -109.4 -27.1  0.44  0.65  0.90  1200  1200  1200  1200
eastport,me-740a-usa      -67.0  44.9  0.33  0.66  1.01   223   663  1538   744
enewetok_a-006a-rep.       162.4  11.4  0.54  0.79  1.09  1200  1200  1200  1200
ensenada-317a-mexico      -116.6  31.9  0.48  0.70  0.96  1200  1200  1200  1200
esbjerg-130121-denma       8.4  55.5  0.39  0.70  1.01     3    11    30    13
esmeraldas-098a-ecua      -79.6  1.0  0.45  0.64  0.86  1200  1200  1200  1200
esperance-176a-austr       121.9 -33.9  0.49  0.72  0.99  1200  1200  1200  1200
faraday-700a-united_      -64.3 -65.2 -0.20  0.14  0.51     0    15   593   112
felixstowe-p204-uk-b       1.3  52.0  0.44  0.72  1.01    72   365  1460   510
fishguard-p055-uk-bo      -5.0  52.0  0.39  0.61  0.83   277   637  1259   686
forsmark-003-sweden-       18.2  60.4 -0.27 -0.04  0.20     0     1     8     2
fort_denison-333a-au       151.2 -33.9  0.55  0.76  1.01  1200  1200  1200  1200
fort_pulaski,ga-752a      -80.9  32.0  0.54  0.79  1.06  1200  1200  1200  1200
freeport-8772440-usa      -95.3  28.9  0.55  0.77  1.02     7    26   138    45
fremantle-175a-austr       115.7 -32.0  0.49  0.72  0.99  1122  1122  1122  1122
french_frigate_a-014      -166.3  23.9  0.52  0.77  1.07  1200  1200  1200  1200
fukaura-fukaura-japa       139.9  40.6  0.48  0.68  0.92   831   831   831   831
fukue-fukue-japan-jm       128.8  32.7  0.48  0.73  1.04  1180  1180  1180  1180
fulfordharbour,bc-07      -123.5  48.8  0.36  0.55  0.79   154   430  1140   513
funafuti,tuvalu-funa       179.2 -8.5  0.52  0.75  1.02  1200  1200  1200  1200
funchal_b-218b-portu      -16.9  32.6  0.52  0.77  1.04  1200  1200  1200  1200
furuogrund-004-swede       21.2  64.9 -0.50 -0.22  0.07     0     0     3     1
galveston,pier_21-77      -94.8  29.3  0.52  0.75  1.02     4    10    32    13
gan-109a-rep._of_mal       73.2 -0.7  0.53  0.76  1.04  1200  1200  1200  1200
gedser-837a-denmark-       11.9  54.6  0.32  0.66  1.00     6    34   186    57
geting-326a-malaysia       102.1  6.2  0.50  0.71  0.95  1200  1200  1200  1200
gladstone-p234-uk-bo      -3.0  53.4  0.42  0.56  0.72    67   148   295   160
goteborgtorshamnen-0       11.8  57.7  0.16  0.45  0.75     6    55   320    95
grandisle-8761724-us      -90.0  29.3  0.53  0.78  1.07     1     3     7     3
groote_eylandt-145a-       136.4 -13.9  0.50  0.75  1.04     8    39   202    64
guam-053a-usa_trust-       144.7  13.4  0.51  0.77  1.07  1200  1200  1200  1200
guaymas-397a-mexico-      -110.9  27.9  0.41  0.64  0.91   872   872   872   872
hachinohe-hachinohe-       141.5  40.5  0.44  0.72  1.04  1200  1200  1200  1200
haikou-638a-china-uh       110.3  20.0  0.46  0.69  0.96    14    66   427   120
hakodate-hakodate-ja       140.7  41.8  0.48  0.67  0.91  1200  1200  1200  1200
halifax-275a-canada-      -63.6  44.7  0.48  0.81  1.16  1200  1200  1200  1200
hamada-hamada-japan-       132.1  34.9  0.48  0.68  0.93  1110  1110  1110  1110
hamina-002-finland-f       27.2  60.6  0.06  0.37  0.69     1    22   139    41
hanasaki-hanasaki-ja       145.6  43.3  0.36  0.70  1.10  1200  1200  1200  1200
hanko-003-finland-fm       23.0  59.8  0.00  0.32  0.64     4    48   293    84
heimsjoe-001-norway-       9.1  63.4  0.17  0.35  0.55     8    53   231    78
helsinki-004-finland       25.0  60.2  0.06  0.37  0.69     2    39   275    74
heysham-p050-uk-bodc      -2.9  54.0  0.42  0.56  0.72    31    65   135    72
hillarys-132a-austra       115.7 -31.8  0.49  0.72  0.99  1141  1141  1141  1141
hilo,_hawaii-060a-us      -155.1  19.7  0.52  0.77  1.07  1200  1200  1200  1200
hinkleypoint-p003-uk      -3.1  51.2  0.45  0.62  0.82   218   398   655   413
hiron_point-134a-ban       89.5  21.8  0.42  0.63  0.88    80   266   966   364
hobart-339a-australi       147.3 -42.9  0.47  0.74  1.06  1200  1200  1200  1200
hoekvanholla-hvh-nl-       4.1  52.0  0.46  0.68  0.92     9    32    93    39
holyhead-p054-uk-bod      -4.6  53.3  0.39  0.60  0.83   172   514  1219   581
hong_kong_b-329b-chi       114.2  22.3  0.48  0.71  0.97   228   535  1331   633
honiara,solomonislan       160.0 -9.4  0.50  0.76  1.05  1200  1200  1200  1200
honningsvaag-002-nor       26.0  71.0  0.20  0.44  0.68    16   145   683   219
honolulu_b,hawaii-05      -157.9  21.3  0.52  0.76  1.05  1200  1200  1200  1200
hornbaek-838a-denmar       12.5  56.1  0.27  0.58  0.90    10    74   369   116
hosojima-358a-japan-       131.7  32.4  0.43  0.73  1.07   514   702   986   723
humboldt_bay,_ca-576      -124.2  40.8  0.42  0.65  0.92  1200  1200  1200  1200
ilha_fiscal,rj-280a-      -43.2 -22.9  0.48  0.71  0.99  1200  1200  1200  1200
immingham-p026-uk-bo      -0.2  53.6  0.40  0.68  0.97    20    96   354   130
ishigaki-ishigaki-ja       124.2  24.3  0.50  0.76  1.07  1200  1200  1200  1200
johnston-052a-usa_tr      -169.5  16.7  0.54  0.80  1.11  1200  1200  1200  1200
johor_baharu-321a-ma       103.8  1.5  0.51  0.71  0.96  1200  1200  1200  1200
juan_fernandez_b-021      -78.8 -33.6  0.44  0.63  0.87  1200  1200  1200  1200
juneau-9452210-usa-n      -134.4  58.3  0.27  0.49  0.74    18    78   264   101
kagoshima-kagoshima-       130.6  31.6  0.47  0.74  1.06   354   607  1097   658
kahului-059a-usa-uhs      -156.5  20.9  0.53  0.77  1.07  1200  1200  1200  1200
kalix-006-sweden-smh       23.1  65.7 -0.49 -0.19  0.11     0     0     4     1
kanmen_a-632a-china-       121.3  28.1  0.43  0.64  0.89     9    31   105    41
kanton_b-013b-rep._o      -171.7 -2.8  0.52  0.75  1.02  1200  1200  1200  1200
kaohsiung-340a-repub       120.3  22.6  0.51  0.74  1.01  1200  1200  1200  1200
kapingamarangi-029a-       154.8  1.1  0.53  0.76  1.03  1200  1200  1200  1200
kaskinen-005-finland       21.2  62.3 -0.34 -0.10  0.14     0     0     5     1
kawasaki-kawasaki-ja       139.8  35.5  0.44  0.73  1.06  1200  1200  1200  1200
keelung-341a-republi       121.7  25.2  0.46  0.72  1.03  1019  1178  1356  1181
kelang-140a-malaysia       101.4  3.0  0.46  0.66  0.90   715  1042  1527  1078
keling-141a-malaysia       102.2  2.2  0.51  0.73  1.00  1200  1200  1200  1200
kemi-006-finland-fmi       24.5  65.7 -0.49 -0.19  0.11     0     0     3     1
kerguelen-180a-franc       70.2 -49.3  0.57  0.87  1.21  1200  1200  1200  1200
ketchikan,ak-571a-us      -131.6  55.3  0.19  0.42  0.69    31   198   656   251
key_west,fl-242a-usa      -81.8  24.6  0.54  0.78  1.06  1200  1200  1200  1200
kinlochbervi-p918-uk      -5.1  58.5  0.25  0.50  0.76    14    87   340   122
klagshamn-007-sweden       12.9  55.5  0.30  0.63  0.97    11    81   459   135
ko_lak-328a-thailand       99.8  11.8  0.49  0.69  0.94  1009  1009  1009  1009
ko_taphao_noi-148a-t       98.4  7.8  0.47  0.70  0.97  1200  1200  1200  1200
kobe-kobe-japan-jma        135.2  34.7  0.48  0.70  0.96   111   292   965   387
kochi-kochi-japan-jm       133.6  33.5  0.46  0.69  0.96    18    78   524   144
kodiak_isl.,alaska-0      -152.5  57.7  0.35  0.61  0.91    95   411  1391   530
komatsushima-komatsu       134.6  34.0  0.46  0.69  0.96   752   882  1073   896
kota_kinabalu-386a-m       116.1  6.0  0.49  0.72  0.98  1200  1200  1200  1200
kuantan-322a-malaysi       103.4  4.0  0.51  0.73  1.00  1200  1200  1200  1200
kuchinotsu-kuchinots       130.2  32.6  0.48  0.73  1.03  1200  1200  1200  1200
kukup-325a-malaysia-       103.4  1.3  0.50  0.71  0.97  1200  1200  1200  1200
kungsholmsfort-008-s       15.6  56.1  0.25  0.55  0.86   282   368   480   375
kungsvik-009-sweden-       11.1  59.0  0.09  0.36  0.64     3    46   274    80
kushimoto-kushimoto-       135.8  33.5  0.48  0.70  0.96  1108  1108  1108  1108
kushiro-kushiro-japa       144.4  43.0  0.45  0.65  0.89  1200  1200  1200  1200
kwajalein-055a-rep._       167.7  8.7  0.55  0.79  1.07  1200  1200  1200  1200
la_jolla,ca-554a-usa      -117.3  32.9  0.39  0.63  0.90  1200  1200  1200  1200
la_libertad-091a-ecu      -80.9 -2.2  0.44  0.66  0.92  1200  1200  1200  1200
la_paz-671a-mexico-u      -110.3  24.2  0.47  0.70  0.98  1200  1200  1200  1200
la_union_a-086a-el_s      -87.8  13.3  0.46  0.68  0.94  1200  1200  1200  1200
landsort1-011-sweden       17.9  58.7  0.04  0.33  0.63    51   124   273   139
langkawi-142a-malays       99.8  6.4  0.46  0.69  0.96  1200  1200  1200  1200
las_palmas-laspalmas      -15.4  28.1  0.52  0.75  1.01  1200  1200  1200  1200
lautoka-402a-fiji-uh       177.4 -17.6  0.53  0.76  1.03  1200  1200  1200  1200
le_conquet-le_conque      -4.8  48.4  0.46  0.66  0.89   519   831  1270   857
le_pellerin-le_pelle      -1.8  47.2  0.44  0.64  0.87     6    19    56    23
legaspi-371a-philipp       123.8  13.2  0.49  0.73  1.03  1200  1200  1200  1200
lerwick-p041-uk-bodc      -1.1  60.2  0.36  0.59  0.82   719  1021  1398  1036
lewes,de-747a-usa-uh      -75.1  38.8  0.62  0.89  1.19   166   478  1539   623
lianyungang-639a-chi       119.4  34.8  0.40  0.70  1.04   186   546  1398   643
limetree_bay-254a-us      -64.8  17.7  0.51  0.73  1.00  1034  1034  1034  1034
lobos_de_afuera-084a      -80.7 -6.9  0.45  0.67  0.94  1200  1200  1200  1200
lord_howe_b-399b-aus       159.1 -31.5  0.57  0.80  1.08  1200  1200  1200  1200
los_angeles,ca-567a-      -118.3  33.7  0.35  0.57  0.83  1200  1200  1200  1200
lowestoft-p024-uk-bo       1.8  52.5  0.45  0.71  0.98     5    19    62    25
lumut-143a-malaysia-       100.6  4.2  0.46  0.66  0.90  1200  1200  1200  1200
lusi_a-633a-china-uh       121.6  32.1  0.45  0.66  0.90     6    22    61    26
maaloey-003-norway-s       5.1  61.9  0.25  0.49  0.74   103   359  1031   437
magueyes_island,pr-2      -67.0  18.0  0.50  0.73  0.99  1103  1103  1103  1103
maisaka-maisaka-japa       137.6  34.7  0.47  0.68  0.93     1     4     9     4
maizuru-maizuru-japa       135.4  35.5  0.44  0.72  1.05   807   807   807   807
majuro,marshallislan       171.4  7.1  0.55  0.78  1.05  1200  1200  1200  1200
makurazaki-makurazak       130.3  31.3  0.47  0.74  1.06   218   433   977   501
malaga-mala-spain-ie      -4.4  36.7  0.46  0.63  0.83  1186  1186  1186  1186
malakal_b-007b-repub       134.5  7.3  0.51  0.75  1.04  1200  1200  1200  1200
male_b,hulule-108b-r       73.5  4.2  0.53  0.76  1.03  1200  1200  1200  1200
malin_head-834a-irel      -7.3  55.4  0.29  0.54  0.80    51   271   914   347
manila_a-370a-philip       121.0  14.6  0.47  0.69  0.96  1123  1123  1123  1123
manta_b-089b-ecuador      -80.7 -0.9  0.45  0.66  0.93  1200  1200  1200  1200
mantyluoto-007-finla       21.5  61.6 -0.22  0.01  0.24     0     1    24     5
manzanillo_a-395a-me      -104.3  19.1  0.48  0.69  0.95  1200  1200  1200  1200
marsden_point-398a-n       174.5 -35.8  0.56  0.81  1.10  1200  1200  1200  1200
marviken-012-sweden-       16.8  58.6  0.12  0.41  0.71   290   307   325   307
massacre_bay,ak-550a       173.2  52.8  0.38  0.64  0.95  1200  1200  1200  1200
matarani_b-094b-peru      -72.1 -17.0  0.43  0.64  0.89  1200  1200  1200  1200
matsuyama-matsuyama-       132.7  33.9  0.43  0.73  1.07  1400  1548  1698  1549
mayport,fl-753a-usa-      -81.4  30.4  0.55  0.79  1.06  1200  1200  1200  1200
mazatlan-673a-mexico      -106.4  23.2  0.46  0.68  0.93  1200  1200  1200  1200
mera-mera-japan-jma        139.8  34.9  0.46  0.72  1.04  1200  1200  1200  1200
midway-050a-usa_trus      -177.4  28.2  0.55  0.81  1.12  1057  1057  1057  1057
millport-p049-uk-bod      -4.9  55.7  0.27  0.51  0.75     5    26   100    36
misumi-misumi-japan-       130.4  32.6  0.48  0.73  1.03  1200  1200  1200  1200
miyakejima-357a-japa       139.5  34.1  0.46  0.72  1.04   955   955   955   955
miyako-miyako-japan-       142.0  39.6  0.43  0.74  1.10  1200  1200  1200  1200
mokuoloe-061a-usa-uh      -157.8  21.4  0.52  0.76  1.05  1200  1200  1200  1200
montauk,ny-279a-usa-      -72.0  41.0  0.55  0.86  1.19    83   321  1457   487
monterey,ca-555a-usa      -121.9  36.6  0.45  0.68  0.95  1200  1200  1200  1200
mossel_bay-185a-sout       22.1 -34.2  0.51  0.76  1.05  1200  1200  1200  1200
murotomisaki-murotom       134.2  33.3  0.46  0.69  0.96    32   126   727   213
nagasaki-nagasaki-ja       129.9  32.7  0.48  0.73  1.03  1163  1163  1163  1163
nagoya-nagoya-japan-       136.9  35.1  0.48  0.70  0.96    59   208   948   316
naha-naha-japan-jma        127.7  26.2  0.51  0.78  1.10  1179  1179  1179  1179
nakano_shima-345a-ja       129.8  29.8  0.50  0.77  1.09   995   995   995   995
nantes_usine_brulee-      -1.6  47.2  0.44  0.64  0.87   284   598  1210   653
nantucketisland-8449      -70.1  41.3  0.46  0.81  1.19  1195  1499  1932  1528
napier-668a-new_zeal       176.9 -39.5  0.54  0.77  1.04  1200  1200  1200  1200
napoli-napoli-italy-       14.3  40.8  0.45  0.62  0.82  1070  1070  1070  1070
nauru-nauru-glossdm-       166.9 -0.5  0.53  0.76  1.04  1200  1200  1200  1200
nawiliwili-058a-usa-      -159.3  22.0  0.52  0.77  1.06  1200  1200  1200  1200
naze-359a-japan-uhsl       129.5  28.4  0.51  0.78  1.10  1016  1016  1016  1016
neah_bay,wa-558a-usa      -124.6  48.4  0.36  0.55  0.79    75   279   941   363
new_london,ct-744a-u      -72.1  41.4  0.54  0.86  1.20    12    71   614   158
new_york,ny-745a-usa      -74.0  40.7  0.54  0.87  1.23    99   370  1538   541
newhaven-p011-uk-bod       0.1  50.8  0.44  0.62  0.81   208   512  1135   571
newlyn,_cornwall-294      -5.5  50.1  0.46  0.66  0.89   861  1115  1450  1134
newport,ri-253a-usa-      -71.3  41.5  0.46  0.81  1.19  1200  1200  1200  1200
newport-p057-uk-bodc      -3.0  51.5  0.45  0.62  0.82   188   346   570   359
nishinoomote-363a-ja       131.0  30.7  0.49  0.76  1.07  1000  1000  1000  1000
nome,ak-595a-usa-uhs      -165.4  64.5  0.46  0.65  0.87     0     4    13     5
noumea_a-019a-france       166.4 -22.3  0.54  0.77  1.05  1200  1200  1200  1200
nuku_alofa-038a-tong      -175.2 -21.1  0.54  0.76  1.03  1200  1200  1200  1200
ny_alesund-823a-norw       11.9  78.9 -0.63 -0.27  0.07     0     0     8     4
ofunato-ofunato-japa       141.8  39.0  0.47  0.67  0.90  1200  1200  1200  1200
okada-okada-japan-jm       139.4  34.8  0.46  0.72  1.04  1200  1200  1200  1200
olandsnorraudde-013-       17.1  57.4  0.12  0.41  0.71    12    66   284    96
omaezaki-omaezaki-ja       138.2  34.6  0.47  0.68  0.93  1174  1174  1174  1174
onahama-onahama-japa       140.9  36.9  0.48  0.68  0.94  1200  1200  1200  1200
osaka-osaka-japan-jm       135.4  34.6  0.48  0.70  0.96    13    55   358   102
oskarshamn-014-swede       16.5  57.3  0.19  0.49  0.81   117   212   365   224
oslo-004-norway-stat       10.7  59.9  0.09  0.36  0.64     2    17    96    29
otranto-otranto-ital       18.5  40.1  0.44  0.59  0.78   595   595   595   595
oulu-008-finland-fmi       25.4  65.0 -0.49 -0.19  0.11     0     0     4     1
oura-oura-japan-jma        130.2  33.0  0.48  0.73  1.03   767   965  1235   981
owase-owase-japan-jm       136.2  34.1  0.48  0.70  0.96  1135  1135  1135  1135
pago_pago-056a-usa_t      -170.7 -14.3  0.51  0.74  1.02  1200  1200  1200  1200
paita_b-678b-peru-uh      -81.2 -5.1  0.45  0.67  0.93  1200  1200  1200  1200
palinuro-palinuro-it       15.3  40.0  0.47  0.63  0.83  1092  1092  1092  1092
papeete_b-015b-frenc      -149.6 -17.5  0.49  0.71  0.97  1149  1149  1149  1149
penang-144a-malaysia       100.3  5.4  0.47  0.67  0.91  1200  1200  1200  1200
penrhyn-024a-cook_is      -158.1 -9.0  0.51  0.73  0.99   947   947   947   947
pensacola,fl-762a-us      -87.2  30.4  0.55  0.80  1.08     5    19   122    37
philadelphia_pier9n_      -75.1  39.9  0.57  0.91  1.26    66   304  1775   524
pietarsaari-009-finl       22.7  63.7 -0.40 -0.14  0.13     0     0     9     2
pisco_b-683b-peru-uh      -76.1 -13.4  0.45  0.62  0.83  1200  1200  1200  1200
pohnpei_b-001b-fd._s       158.2  7.0  0.53  0.76  1.04  1200  1200  1200  1200
port_angeles,_wa-584      -123.4  48.1  0.36  0.55  0.79    64   239   864   319
port_elizabeth-184a-       25.6 -34.0  0.54  0.78  1.07  1200  1200  1200  1200
port_hedland-169a-au       118.6 -20.3  0.51  0.74  1.02   440   774  1363   829
portisabel-8779770-u      -97.2  26.1  0.54  0.78  1.06     7    28   236    60
port_kembla-342a-aus       150.9 -34.5  0.56  0.77  1.03  1200  1200  1200  1200
port_louis_c-103c-ma       57.5 -20.2  0.51  0.77  1.07   939   939   939   939
port_nolloth-701a-so       16.9 -29.2  0.54  0.77  1.04  1200  1200  1200  1200
portsanluis-9412110-      -120.8  35.2  0.45  0.68  0.95  1200  1200  1200  1200
port_tudy-port_tudy-      -3.4  47.6  0.45  0.61  0.80   346   637  1137   679
port_vendres-port_ve       3.1  42.5  0.46  0.64  0.83   566   566   566   566
port_vila_b-046b-van       168.3 -17.8  0.52  0.76  1.04  1200  1200  1200  1200
porterin-p919-uk-bod      -4.8  54.1  0.35  0.57  0.80    32   139   459   180
portland,me-252a-usa      -70.2  43.7  0.30  0.68  1.07   972  1356  1877  1385
portland,s.aus.-129a       141.6 -38.3  0.50  0.69  0.92  1161  1161  1161  1161
portpatrick-p063-uk-      -5.1  54.8  0.33  0.58  0.83    24   139   574   198
portrush-p935-uk-bod      -6.7  55.2  0.28  0.52  0.78    42   276  1150   390
portsmouth-p008-uk-b      -1.1  50.8  0.44  0.62  0.82   470   865  1564   925
prince_rupert_b-540b      -130.3  54.3  0.14  0.32  0.54    14    85   288   110
providence_statepier      -71.4  41.8  0.46  0.81  1.19    53   273  1524   458
prudhoe_bay,_ak-579a      -148.5  70.4  0.34  0.71  1.10    39   136   434   175
pt._la_rue-121a-seyc       55.5 -4.7  0.55  0.79  1.08  1200  1200  1200  1200
puerto_angel-672a-me      -96.5  15.7  0.48  0.69  0.95  1200  1200  1200  1200
puerto_cortes-780a-h      -88.0  15.8  0.52  0.71  0.95   791   791   791   791
puerto_montt-684a-ch      -73.0 -41.5  0.33  0.48  0.68   128   295   648   332
puertowilliams,chile      -67.6 -54.9  0.40  0.56  0.77    49   177   804   271
quepos,costarica-que      -84.2  9.4  0.48  0.67  0.89  1200  1200  1200  1200
raahe-010-finland-fm       24.4  64.7 -0.49 -0.19  0.12     0     0     5     1
rabaul-010a-papua_ne       152.2 -4.2  0.49  0.72  0.99  1200  1200  1200  1200
rarotonga,cookisland      -159.8 -21.2  0.52  0.74  1.00  1200  1200  1200  1200
ratan-015-sweden-smh       20.9  64.0 -0.41 -0.16  0.10     0     0     3     1
rauma-011-finland-fm       21.4  61.1 -0.06  0.19  0.44     0    15   161    39
reedypoint-8551910-u      -75.6  39.6  0.57  0.91  1.26  1200  1200  1200  1200
reykjavik-reykjavik-      -21.9  64.2 -0.16  0.10  0.36     0    11   191    43
rikitea-016a-french_      -135.0 -23.1  0.46  0.67  0.93  1200  1200  1200  1200
ringhals-016-sweden-       12.1  57.2  0.16  0.45  0.75     3    28   177    50
rockport,_tx-769a-us      -97.0  28.0  0.54  0.78  1.06    20    52   227    77
rodrigues-105a-mauri       63.4 -19.7  0.52  0.77  1.07  1156  1156  1156  1156
roervik-005-norway-s       11.2  64.9  0.10  0.34  0.58     2    16    84    26
roscoff-roscoff-fran      -4.0  48.7  0.46  0.66  0.89    79   213   486   240
rosslyn_bay-330a-aus       150.8 -23.2  0.54  0.77  1.03  1200  1200  1200  1200
s.cruz_d._palma_b-20      -17.8  28.7  0.52  0.77  1.04  1200  1200  1200  1200
sabine_pass_n,tx-766      -93.9  29.7  0.54  0.78  1.07     1     4    12     5
saigo-saigo-japan-jm       133.3  36.2  0.46  0.73  1.05   893   893   893   893
saint_gildas-saint_g      -2.2  47.1  0.44  0.64  0.87    82   264   750   321
saint_malo-saint_mal      -2.0  48.6  0.45  0.62  0.82   282   473   726   486
saipan_b-028b-n._mar       145.7  15.2  0.49  0.77  1.09  1099  1099  1099  1099
sakai-sakai-japan-jm       133.2  35.5  0.51  0.71  0.95   800   800   800   800
salalah-114a-oman-uh       54.0  16.9  0.46  0.70  0.98  1200  1200  1200  1200
salina_cruz-394a-mex      -95.2  16.2  0.47  0.69  0.95  1200  1200  1200  1200
san_diego-569a-usa-u      -117.2  32.7  0.39  0.63  0.90  1200  1200  1200  1200
san_felix-035a-chile      -80.1 -26.3  0.45  0.64  0.87  1200  1200  1200  1200
san_francisco,ca-551      -122.5  37.8  0.40  0.63  0.90  1200  1200  1200  1200
san_jose-675a-guatem      -90.8  13.9  0.48  0.70  0.97  1200  1200  1200  1200
san_juan,pr-245a-usa      -66.1  18.5  0.50  0.73  1.00  1200  1200  1200  1200
san_juan_a-096a-peru      -75.2 -15.4  0.44  0.65  0.90  1200  1200  1200  1200
sand_point,ak-574a-u      -160.5  55.3  0.38  0.66  0.96   216   584  1398   672
sandyhook-8531680-us      -74.0  40.5  0.54  0.87  1.23    47   230  1310   386
santa_cruz-030a-ecua      -90.3 -0.8  0.50  0.72  0.99  1200  1200  1200  1200
santa_monica,_ca-578      -118.5  34.0  0.35  0.57  0.83  1200  1200  1200  1200
santander-sant-spain      -3.8  43.5  0.44  0.62  0.82  1169  1216  1269  1217
seattle-9447130-usa-      -122.3  47.6  0.36  0.55  0.79   168   503  1457   619
sedili-324a-malaysia       104.1  1.9  0.51  0.71  0.96  1200  1200  1200  1200
seldovia-9455500-usa      -151.7  59.4  0.27  0.54  0.84    31   165   514   205
seward_c,ak-560c-usa      -149.4  60.1  0.29  0.53  0.79    42   221   831   304
sewellspoint,hampton      -76.3  36.9  0.60  0.91  1.25    10    43   282    81
shanwei-641a-china-u       115.3  22.8  0.47  0.67  0.92  1109  1415  1858  1445
shijiusuo-642a-china       119.5  35.4  0.39  0.70  1.06   357   734  1489   813
shimizuminato-shimiz       138.5  35.0  0.47  0.68  0.93  1200  1200  1200  1200
shirahama-shirahama-       135.4  33.7  0.48  0.70  0.96  1099  1099  1099  1099
simon_s_town-221a-so       18.4 -34.2  0.53  0.77  1.04  1200  1200  1200  1200
simrishamn-017-swede       14.4  55.6  0.29  0.58  0.89   290   381   500   388
sitka,ak-559a-usa-uh      -135.3  57.1  0.34  0.55  0.79    53   230   813   308
skagsudde-018-sweden       19.0  63.2 -0.35 -0.12  0.13     0     0     5     1
skagway-9452400-usa-      -135.3  59.5  0.17  0.42  0.70    13    98   376   135
skanor-019-sweden-sm       12.8  55.4  0.30  0.63  0.97     6    49   325    89
smogen-020-sweden-sm       11.2  58.4  0.09  0.36  0.64     4    54   344    96
solomonsisland_biol.      -76.5  38.3  0.63  0.91  1.22  1075  1075  1075  1075
south_beach,or-592a-      -124.0  44.6  0.44  0.65  0.90   225   565  1419   665
spikarna-021-sweden-       17.5  62.4 -0.37 -0.12  0.14     0     0     6     1
spring_bay-335a-aust       147.9 -42.5  0.49  0.76  1.07  1200  1200  1200  1200
springmaidpier-86610      -78.9  33.7  0.54  0.79  1.08  1200  1200  1200  1200
st.johns,canada-st.j      -52.7  47.6  0.53  0.82  1.13  1200  1200  1200  1200
st._petersburg,_fl-7      -82.6  27.8  0.56  0.81  1.10    99   296  1272   444
stenungsund-022-swed       11.8  58.1  0.16  0.45  0.75     8    76   386   120
steveston,bc-07607-c      -123.2  49.1  0.36  0.55  0.79    25   120   556   184
sthelier-p074-uk-bod      -2.1  49.2  0.45  0.62  0.82   325   543   826   556
stockholm-826a-swede       18.1  59.3  0.04  0.33  0.63    11    64   282    95
stornoway-p042-uk-bo      -6.4  58.2  0.27  0.52  0.78    73   341   969   405
sumoto-sumoto-japan-       134.9  34.4  0.46  0.69  0.96  1093  1093  1093  1093
surabaya-160a-indone       112.7 -7.2  0.52  0.73  0.99  1200  1200  1200  1200
suva,fiji-suva,fiji-       178.4 -18.1  0.51  0.74  1.02  1200  1200  1200  1200
syowa,_antarctica-12       39.6 -69.0  0.31  0.57  0.87  1200  1200  1200  1200
takamatsu-takamatsu-       134.1  34.4  0.46  0.69  0.96   370   754  1738   878
talara_b-092b-peru-u      -81.3 -4.6  0.45  0.67  0.93  1200  1200  1200  1200
tanjong_pagar-699a-s       103.9  1.3  0.51  0.71  0.96  1200  1200  1200  1200
tannowa-tannowa-japa       135.2  34.3  0.48  0.70  0.96  1074  1074  1074  1074
taranaki-076a-new_ze       174.0 -39.0  0.53  0.72  0.95     7    21    64    26
tarawa_d,betio-002d-       172.9  1.4  0.53  0.76  1.04  1200  1200  1200  1200
tarifa-tari-spain-ie      -5.6  36.0  0.42  0.56  0.73  1200  1200  1200  1200
tauranga-073a-new_ze       176.2 -37.6  0.53  0.74  0.98  1200  1200  1200  1200
tawau-385a-malaysia-       117.9  4.2  0.49  0.69  0.94  1200  1200  1200  1200
tenerife-tenerife-sp      -16.2  28.5  0.52  0.76  1.03  1200  1200  1200  1200
thevenard-128a-austr       133.6 -32.1  0.48  0.71  0.98   149   471  1439   590
tioman-323a-malaysia       104.1  2.8  0.51  0.72  0.97  1200  1200  1200  1200
toba-toba-japan-jma        136.8  34.5  0.48  0.70  0.96  1200  1200  1200  1200
tobermory-p223-uk-bo      -6.1  56.6  0.26  0.51  0.78    18   108   400   147
tofino-542a-canada-u      -125.9  49.1  0.30  0.51  0.76    30   157   673   229
tokyo-tokyo-japan-jm       139.8  35.6  0.44  0.73  1.06   266   567  1421   679
tosashimizu-tosashim       133.0  32.8  0.43  0.73  1.07    22    92   691   184
townsville-334a-aust       146.8 -19.2  0.54  0.75  0.99   842  1099  1466  1127
toyama-toyama-japan-       137.2  36.8  0.48  0.68  0.93   771   771   771   771
tregde-804a-norway-u       7.6  58.0  0.29  0.57  0.85   493   663   909   681
trieste-270061-italy       13.8  45.6  0.36  0.53  0.71    50   189   703   260
tumaco-303a-colombia      -78.7  1.8  0.44  0.62  0.84  1200  1200  1200  1200
turku-012-finland-fm       22.1  60.4 -0.06  0.19  0.44     0    17   154    39
uchiura-uchiura-japa       138.9  35.0  0.47  0.68  0.93  1200  1200  1200  1200
ullapool-p043-uk-bod      -5.2  57.9  0.25  0.50  0.76    34   195   642   247
uno-uno-japan-jma          133.9  34.5  0.51  0.71  0.95   383   765  1783   899
uragami-uragami-japa       135.9  33.6  0.48  0.70  0.96  1110  1110  1110  1110
uwajima-uwajima-japa       132.6  33.2  0.43  0.73  1.07  1200  1200  1200  1200
vaasa-013-finland-fm       21.6  63.1 -0.40 -0.15  0.11     0     0     4     1
valdez,ak-562a-usa-u      -146.4  61.1  0.21  0.45  0.73    23   168   688   238
valencia-valencia-sp      -0.3  39.5  0.48  0.65  0.85   556   556   556   556
valparaiso-081a-chil      -71.6 -33.0  0.42  0.59  0.79  1200  1200  1200  1200
varberg1-024-sweden-       12.2  57.1  0.27  0.58  0.90   241   401   622   413
venezia-punta_salute       12.4  45.4  0.36  0.53  0.71    45   174   698   247
victoria,bc-543a-can      -123.4  48.4  0.36  0.55  0.79   199   430   935   485
vigo-vigo-spain-ieo       -8.7  42.2  0.45  0.67  0.91   535   847  1319   881
visby-026-sweden-smh       18.3  57.6  0.11  0.42  0.75   288   288   288   288
wakayama-wakayama-ja       135.2  34.2  0.48  0.70  0.96  1118  1118  1118  1118
wake-051a-usa_trust-       166.6  19.3  0.50  0.78  1.10  1200  1200  1200  1200
wakkanai-wakkanai-ja       141.7  45.4  0.41  0.69  1.01  1020  1020  1020  1020
washingtondc-8594900      -77.0  38.9  0.63  0.91  1.22     6    23   122    41
wellington-071a-new_       174.8 -41.3  0.54  0.74  0.98  1200  1200  1200  1200
weymouth-p991-uk-bod      -2.4  50.6  0.45  0.62  0.82  1137  1291  1477  1296
whitby-p174-uk-bodc       -0.6  54.5  0.41  0.63  0.87    34   142   488   185
wick-p035-uk-bodc         -3.1  58.4  0.26  0.54  0.82    79   393  1331   505
willapa_bay,_wa-564a      -124.0  46.7  0.41  0.63  0.88    22    89   325   121
willetspoint-8516990      -73.8  40.8  0.54  0.87  1.23     4    14    56    20
wilmington,nc-750a-u      -78.0  34.2  0.56  0.81  1.09  1200  1200  1200  1200
wladyslawowo-wlad-po       18.4  54.8  0.24  0.55  0.87    33   136   431   173
woods_hole,ma-742a-u      -70.7  41.5  0.46  0.81  1.19    45   228  1468   414
workington-p217-uk-b      -3.6  54.7  0.35  0.57  0.80    29   101   271   119
wyndham-165a-austral       128.1 -15.5  0.48  0.70  0.95  1200  1200  1200  1200
xiamen-376a-china-uh       118.1  24.4  0.45  0.71  1.01    79   316  1165   428
yakutat-9453220-usa-      -139.7  59.5  0.16  0.42  0.71    10   101   555   169
yap_b-008b-fd._st._m       138.1  9.5  0.53  0.77  1.06  1200  1200  1200  1200
yokohama-yokohama-ja       139.6  35.5  0.44  0.73  1.06  1200  1200  1200  1200
ystad-027-sweden-smh       13.8  55.4  0.29  0.58  0.89   229   350   517   359
zanzibar-151a-tanzan       39.2 -6.2  0.54  0.73  0.96  1200  1200  1200  1200
zhapo_a-635a-china-u       111.8  21.6  0.45  0.70  0.99   520   904  1628   976
burrulus_tide              31.0  31.6  0.47  0.65  0.86   777   777   777   777
lautoka_fiji_uhslc         177.4 -17.6  0.53  0.76  1.03  1200  1200  1200  1200
