name                         lon   lat  RSL_05 RSL_50 RSL_95 AF_05 AF_50 AF_95 AF_mean
abashiri-abashiri-ja       144.3  44.0  0.17  0.27  0.37    11    40   145    55
aburatsu-aburatsu-ja       131.4  31.6  0.18  0.33  0.48     6    26   108    38
acajutla_a-082a-el_s      -89.8  13.6  0.20  0.30  0.42   296   679  1389   738
acapulco_a,gro.-316a      -99.9  16.8  0.19  0.29  0.40   111   354  1166   463
adak,alaska-040a-usa      -176.6  51.9  0.16  0.28  0.42    28   126   428   164
alameda_navalairstat      -122.3  37.8  0.16  0.27  0.39    27   129   474   174
alertbay,bc-08280-ca      -126.9  50.6  0.08  0.15  0.24     3    13    36    15
algeciras-alge-spain      -5.4  36.1  0.19  0.26  0.34     3     7    15     8
anchorage-9455920-us      -149.9  61.2  0.10  0.22  0.35    15    66   169    76
ancona-ancona-italy-       13.5  43.6  0.16  0.24  0.33     0     2     8     3
annapolis_navalacade      -76.5  39.0  0.30  0.44  0.59     6    19    61    25
antofagasta-080a-chi      -70.4 -23.6  0.18  0.26  0.34   338   709  1454   782
apia_b-401b-western_      -171.8 -13.8  0.20  0.32  0.45  1200  1200  1200  1200
arrecife-arre-spain-      -13.5  29.0  0.24  0.33  0.43   255   521   951   552
astoria,or-572a-usa-      -123.8  46.2  0.17  0.28  0.40    11    39   114    48
atlantic_city-264a-u      -74.4  39.4  0.27  0.44  0.61    18    75   287   105
ayukawa-ayukawa-japa       141.5  38.3  0.19  0.28  0.38    66   271  1068   378
bahia_los_angeles-31      -113.5  29.0  0.21  0.31  0.42   178   420   836   453
balboa-302a-panama-u      -79.6  9.0  0.25  0.34  0.44   133   244   415   256
baltimore-8574680-us      -76.6  39.3  0.30  0.44  0.59     4    11    31    14
baltra_b-003b-ecuado      -90.3 -0.4  0.21  0.31  0.43   178   453  1023   511
bangor-p662-uk-bodc       -5.7  54.7  0.12  0.25  0.38     0     2     5     2
barcelona-barcelona-       2.2  41.3  0.22  0.30  0.39   566   568   571   568
barharbor,frenchmanb      -68.2  44.4  0.09  0.28  0.48     6    85   429   133
bari-bari-italy-idro       16.9  41.1  0.19  0.27  0.35    97   266   639   305
barmouth-p923-uk-bod      -4.0  52.7  0.18  0.28  0.38    12    36    82    40
bayonne_boucau-bayon      -1.5  43.5  0.18  0.27  0.36    54   134   281   146
beihai-636a-china-uh       109.1  21.5  0.19  0.30  0.42    10    32    82    37
bermuda,st.georgesis      -64.7  32.4  0.16  0.32  0.48   190   530  1377   629
bilbao-bilbao-spain-      -3.0  43.4  0.19  0.28  0.37   152   316   557   331
bintulu-387a-malaysi       113.1  3.2  0.21  0.31  0.43    36   139   483   184
bonanza-bonanza-spai      -6.3  36.8  0.21  0.29  0.38    21    53   117    59
booby_island-336a-au       141.9 -10.6  0.22  0.33  0.45    38   113   279   130
boston,ma-741a-usa-u      -71.1  42.4  0.12  0.33  0.55     5    48   250    78
brest-822a-france-uh      -4.5  48.4  0.21  0.31  0.41    36    82   159    88
bridgeport-8467150-u      -73.2  41.2  0.23  0.42  0.61     5    22    85    30
brisbane-331a-austra       153.2 -27.4  0.24  0.34  0.45   528   951  1659  1012
broome-166a-australi       122.2 -18.0  0.21  0.32  0.45    64   142   261   150
buenaventura-085a-co      -77.1  3.9  0.17  0.27  0.38    54   148   334   165
buenos_aires-285a-ar      -58.5 -34.7  0.18  0.28  0.39     2     4     9     5
bundaberg-332a-austr       152.4 -24.8  0.24  0.34  0.46   226   531  1080   576
burnie-344a-australi       145.9 -41.0  0.21  0.31  0.42   100   342   976   416
cabo_san_lucas-034a-      -109.9  22.9  0.22  0.32  0.43  1443  1512  1593  1516
cadiz-cadi-spain-ieo      -6.3  36.5  0.21  0.29  0.38    83   175   344   190
cagliari-cagliari-it       9.1  39.2  0.22  0.30  0.39   572   902  1506   961
callao_b-093b-peru-u      -77.2 -12.1  0.18  0.27  0.39  1200  1200  1200  1200
cambridgeii-8571892-      -76.1  38.6  0.30  0.44  0.59    18    77   340   116
cananeia-281a-brazil      -47.9 -25.0  0.21  0.31  0.43     4    11    27    13
cape_ferguson-343a-a       147.1 -19.3  0.24  0.33  0.44    32    84   191    94
capemay-8536110-usa-      -75.0  39.0  0.31  0.44  0.58    22    75   252    99
cape_town-704a-south       18.4 -33.9  0.24  0.34  0.44   122   353   932   418
carloforte-carlofort       8.3  39.1  0.22  0.30  0.39  1200  1200  1200  1200
carnarvon-167a-austr       113.7 -24.9  0.20  0.32  0.45    27   130   543   189
cartagena-265a-colom      -75.5  10.4  0.24  0.33  0.43  1200  1200  1200  1200
cascais-209a-portuga      -9.4  38.7  0.22  0.30  0.40    83   196   405   214
catania-catania-ital       15.1  37.5  0.23  0.31  0.40    12    41   184    62
cendering-320a-malay       103.2  5.3  0.20  0.31  0.44    29   101   306   126
ceuta-ceta-spain-ieo      -5.3  35.9  0.19  0.26  0.34   254   532  1076   583
charchanga-138a-bang       91.0  22.2  0.17  0.26  0.36     0     4    13     5
charleston,or-575a-u      -124.3  43.3  0.19  0.29  0.41    15    51   149    63
charleston,sc-261a-u      -79.9  32.8  0.25  0.40  0.55    14    59   246    85
charlotte_amalie-255      -64.9  18.3  0.23  0.33  0.44   313   592  1198   660
chesapeake_bbt-749a-      -76.1  37.0  0.29  0.45  0.61     3    11    30    13
chichijima-chichijim       142.2  27.1  0.21  0.36  0.52    14    80   464   137
choshigyoko-choshigy       140.9  35.8  0.17  0.31  0.47     8    51   354    99
christmas_b-011b-rep      -157.5  2.0  0.21  0.32  0.45  1200  1200  1200  1200
churchill-274a-canad      -94.2  58.8 -1.16 -0.61 -0.05     0     0     1     0
truk,fed.micronesia-       151.8  7.5  0.21  0.34  0.47  1200  1200  1200  1200
ciudad_del_carmen-77      -91.8  18.5  0.23  0.33  0.43    40   123   321   144
cocos-171a-australia       96.9 -12.1  0.21  0.34  0.48   763  1004  1345  1027
cordemais-cordemais-      -1.9  47.3  0.19  0.29  0.40    53   142   312   157
cordova_b,alaska-583      -145.8  60.6  0.05  0.17  0.31     2    16    61    22
corpus_cristi,tx-770      -97.2  27.6  0.26  0.36  0.48     1     4    11     5
la_coruna-830a-spain      -8.4  43.4  0.20  0.31  0.42    67   181   402   201
cox_s_bazaar-136a-ba       91.8  21.4  0.17  0.26  0.36     6    21    53    24
crescent_city,ca-556      -124.2  41.7  0.17  0.29  0.41    11    43   138    55
cristobal-266a-panam      -79.9  9.4  0.25  0.34  0.44  1200  1200  1200  1200
cuxhaven-cuxhaven-ge       8.7  53.9  0.14  0.33  0.52     1     2     5     2
darwin-168a-australi       130.8 -12.5  0.21  0.32  0.44   131   292   543   311
degerby-001-finland-       20.4  60.0 -0.18 -0.03  0.13     0     0    17     3
delfzijl-del-nl-rws        6.9  53.3  0.16  0.33  0.50     0     2     5     2
denhelder-hel-nl-rws       4.7  53.0  0.19  0.32  0.45     1     5    11     5
devonport-p002-uk-bo      -4.2  50.4  0.22  0.32  0.42    57   144   302   157
dieppe-dieppe-france       1.1  49.9  0.17  0.30  0.44   131   308   544   319
donges-donges-france      -2.1  47.3  0.19  0.29  0.40    17    48   108    53
dongfang-637a-china-       108.6  19.1  0.20  0.30  0.41    36   125   357   153
duck_pier,nc-260a-us      -75.7  36.2  0.29  0.45  0.61    14    58   214    79
dunkerque-dunkerque-       2.4  51.0  0.18  0.32  0.45     6    20    56    24
durban,southafrica-d       31.1 -29.9  0.23  0.32  0.43   118   355   978   425
unalaska-9462620-usa      -166.5  53.9  0.17  0.29  0.42    64   245   673   291
easter_c-022c-chile-      -109.4 -27.1  0.18  0.28  0.39     6    24    91    33
eastport,me-740a-usa      -67.0  44.9  0.12  0.30  0.49    13    88   298   112
enewetok_a-006a-rep.       162.4  11.4  0.22  0.34  0.48  1200  1200  1200  1200
ensenada-317a-mexico      -116.6  31.9  0.21  0.31  0.42   560   922  1447   956
esbjerg-130121-denma       8.4  55.5  0.15  0.33  0.52     1     3     8     4
esmeraldas-098a-ecua      -79.6  1.0  0.18  0.27  0.37    74   191   418   211
esperance-176a-austr       121.9 -33.9  0.20  0.31  0.43    22    85   301   114
faraday-700a-united_      -64.3 -65.2 -0.15  0.04  0.24     0     3    64    14
felixstowe-p204-uk-b       1.3  52.0  0.18  0.33  0.48     5    26    85    33
fishguard-p055-uk-bo      -5.0  52.0  0.18  0.28  0.38    36    96   202   105
forsmark-003-sweden-       18.2  60.4 -0.28 -0.13  0.02     0     0     2     1
fort_denison-333a-au       151.2 -33.9  0.25  0.35  0.46   171   477  1245   563
fort_pulaski,ga-752a      -80.9  32.0  0.25  0.38  0.52    54   228   758   296
freeport-8772440-usa      -95.3  28.9  0.26  0.37  0.49     1     4     8     4
fremantle-175a-austr       115.7 -32.0  0.20  0.31  0.44    20    82   298   110
french_frigate_a-014      -166.3  23.9  0.22  0.33  0.47  1200  1200  1200  1200
fukaura-fukaura-japa       139.9  40.6  0.20  0.29  0.40   478   611   809   627
fukue-fukue-japan-jm       128.8  32.7  0.20  0.32  0.46   187   459  1014   513
fulfordharbour,bc-07      -123.5  48.8  0.14  0.24  0.35     8    34   100    41
funafuti,tuvalu-funa       179.2 -8.5  0.21  0.33  0.46    16    69   274    98
funchal_b-218b-portu      -16.9  32.6  0.23  0.35  0.48   646   916  1280   938
furuogrund-004-swede       21.2  64.9 -0.41 -0.23 -0.05     0     0     1     0
galveston,pier_21-77      -94.8  29.3  0.24  0.35  0.48     1     3     5     3
gan-109a-rep._of_mal       73.2 -0.7  0.22  0.33  0.46  1200  1200  1200  1200
gedser-837a-denmark-       11.9  54.6  0.11  0.29  0.48     1     5    14     6
geting-326a-malaysia       102.1  6.2  0.20  0.31  0.42    27    95   282   118
gladstone-p234-uk-bo      -3.0  53.4  0.17  0.25  0.34     9    24    48    25
goteborgtorshamnen-0       11.8  57.7  0.01  0.18  0.34     1     6    26     9
grandisle-8761724-us      -90.0  29.3  0.25  0.37  0.50     0     2     4     2
groote_eylandt-145a-       136.4 -13.9  0.21  0.32  0.45     1     4    13     5
guam-053a-usa_trust-       144.7  13.4  0.20  0.33  0.48  1200  1200  1200  1200
guaymas-397a-mexico-      -110.9  27.9  0.17  0.27  0.39   612   720   854   726
hachinohe-hachinohe-       141.5  40.5  0.17  0.30  0.46   341   714  1504   796
haikou-638a-china-uh       110.3  20.0  0.19  0.30  0.42     1     6    15     6
hakodate-hakodate-ja       140.7  41.8  0.20  0.29  0.39   261   646  1548   747
halifax-275a-canada-      -63.6  44.7  0.21  0.39  0.58    19   120   563   183
hamada-hamada-japan-       132.1  34.9  0.20  0.29  0.40    13    55   226    79
hamina-002-finland-f       27.2  60.6 -0.07  0.13  0.32     0     3    17     5
hanasaki-hanasaki-ja       145.6  43.3  0.12  0.30  0.49    10    96   770   200
hanko-003-finland-fm       23.0  59.8 -0.10  0.09  0.29     0     4    38    10
heimsjoe-001-norway-       9.1  63.4  0.03  0.14  0.26     1     6    23     8
helsinki-004-finland       25.0  60.2 -0.07  0.13  0.32     0     4    27     8
heysham-p050-uk-bodc      -2.9  54.0  0.17  0.25  0.34     5    11    22    12
hillarys-132a-austra       115.7 -31.8  0.20  0.31  0.44    13    54   192    73
hilo,_hawaii-060a-us      -155.1  19.7  0.21  0.33  0.47   500   832  1419   885
hinkleypoint-p003-uk      -3.1  51.2  0.20  0.29  0.39    52   106   184   111
hiron_point-134a-ban       89.5  21.8  0.16  0.27  0.39     4    15    45    18
hobart-339a-australi       147.3 -42.9  0.20  0.33  0.47    32   166   685   236
hoekvanholla-hvh-nl-       4.1  52.0  0.19  0.32  0.45     1     6    13     6
holyhead-p054-uk-bod      -4.6  53.3  0.16  0.27  0.38    18    60   145    69
hong_kong_b-329b-chi       114.2  22.3  0.21  0.31  0.43     7    25    71    30
honiara,solomonislan       160.0 -9.4  0.19  0.33  0.48  1200  1200  1200  1200
honningsvaag-002-nor       26.0  71.0  0.07  0.20  0.33     2    16    57    21
honolulu_b,hawaii-05      -157.9  21.3  0.21  0.33  0.46  1200  1200  1200  1200
hornbaek-838a-denmar       12.5  56.1  0.08  0.25  0.42     2     9    29    11
hosojima-358a-japan-       131.7  32.4  0.17  0.32  0.48     4    18    75    26
humboldt_bay,_ca-576      -124.2  40.8  0.17  0.29  0.41    35   144   449   180
ilha_fiscal,rj-280a-      -43.2 -22.9  0.21  0.31  0.43    18    62   217    83
immingham-p026-uk-bo      -0.2  53.6  0.18  0.32  0.46     4    13    30    14
ishigaki-ishigaki-ja       124.2  24.3  0.21  0.34  0.48     9    36   137    50
johnston-052a-usa_tr      -169.5  16.7  0.22  0.34  0.49    23   119   705   206
johor_baharu-321a-ma       103.8  1.5  0.21  0.31  0.42    94   273   670   315
juan_fernandez_b-021      -78.8 -33.6  0.18  0.27  0.38   567   961  1614  1016
juneau-9452210-usa-n      -134.4  58.3  0.09  0.20  0.31     3    10    26    12
kagoshima-kagoshima-       130.6  31.6  0.19  0.33  0.47     6    21    74    28
kahului-059a-usa-uhs      -156.5  20.9  0.22  0.33  0.46  1200  1200  1200  1200
kalix-006-sweden-smh       23.1  65.7 -0.42 -0.23 -0.03     0     0     1     0
kanmen_a-632a-china-       121.3  28.1  0.17  0.27  0.38     1     5    11     5
kanton_b-013b-rep._o      -171.7 -2.8  0.22  0.32  0.44  1200  1200  1200  1200
kaohsiung-340a-repub       120.3  22.6  0.22  0.32  0.44    46   193   783   272
kapingamarangi-029a-       154.8  1.1  0.23  0.33  0.45   679   973  1435  1009
kaskinen-005-finland       21.2  62.3 -0.32 -0.17 -0.02     0     0     2     0
kawasaki-kawasaki-ja       139.8  35.5  0.17  0.31  0.47     5    39   220    67
keelung-341a-republi       121.7  25.2  0.19  0.32  0.46     3    14    52    19
kelang-140a-malaysia       101.4  3.0  0.18  0.28  0.39    53   135   295   150
keling-141a-malaysia       102.2  2.2  0.21  0.32  0.44   182   543  1363   628
kemi-006-finland-fmi       24.5  65.7 -0.42 -0.23 -0.03     0     0     2     1
kerguelen-180a-franc       70.2 -49.3  0.24  0.37  0.52  2021  2143  2264  2142
ketchikan,ak-571a-us      -131.6  55.3  0.04  0.16  0.29     3    23    79    30
key_west,fl-242a-usa      -81.8  24.6  0.26  0.37  0.49   562   868  1352   906
kinlochbervi-p918-uk      -5.1  58.5  0.08  0.22  0.37     2    12    39    15
klagshamn-007-sweden       12.9  55.5  0.09  0.28  0.47     1     8    31    11
ko_lak-328a-thailand       99.8  11.8  0.19  0.30  0.41    59   185   467   215
ko_taphao_noi-148a-t       98.4  7.8  0.19  0.30  0.43   332   717  1388   773
kobe-kobe-japan-jma        135.2  34.7  0.20  0.30  0.42     3    11    30    13
kochi-kochi-japan-jm       133.6  33.5  0.18  0.29  0.41     2     5    13     6
kodiak_isl.,alaska-0      -152.5  57.7  0.13  0.27  0.41     6    30   102    39
komatsushima-komatsu       134.6  34.0  0.18  0.29  0.41     7    24    80    31
kota_kinabalu-386a-m       116.1  6.0  0.20  0.31  0.43    59   223   731   286
kuantan-322a-malaysi       103.4  4.0  0.21  0.32  0.44    31   106   296   127
kuchinotsu-kuchinots       130.2  32.6  0.20  0.32  0.46    48   197   629   251
kukup-325a-malaysia-       103.4  1.3  0.20  0.30  0.42   276   702  1489   770
kungsholmsfort-008-s       15.6  56.1  0.05  0.23  0.41     2    29   144    46
kungsvik-009-sweden-       11.1  59.0 -0.02  0.12  0.27     0     5    22     7
kushimoto-kushimoto-       135.8  33.5  0.20  0.30  0.42    35   133   473   179
kushiro-kushiro-japa       144.4  43.0  0.17  0.27  0.38    12    52   238    81
kwajalein-055a-rep._       167.7  8.7  0.22  0.34  0.47  1200  1200  1200  1200
la_jolla,ca-554a-usa      -117.3  32.9  0.16  0.27  0.39   257   620  1270   674
la_libertad-091a-ecu      -80.9 -2.2  0.17  0.28  0.40    96   313   829   367
la_paz-671a-mexico-u      -110.3  24.2  0.20  0.31  0.43  1200  1200  1200  1200
la_union_a-086a-el_s      -87.8  13.3  0.19  0.29  0.40   305   628  1113   659
landsort1-011-sweden       17.9  58.7 -0.08  0.10  0.28     0     7    76    18
langkawi-142a-malays       99.8  6.4  0.19  0.30  0.42   132   423  1074   491
las_palmas-laspalmas      -15.4  28.1  0.24  0.34  0.45   701   954  1276   970
lautoka-402a-fiji-uh       177.4 -17.6  0.21  0.33  0.45    96   332  1076   424
le_conquet-le_conque      -4.8  48.4  0.21  0.31  0.41    82   179   321   188
le_pellerin-le_pelle      -1.8  47.2  0.19  0.29  0.40     1     4     8     4
legaspi-371a-philipp       123.8  13.2  0.19  0.31  0.44   662   996  1517  1039
lerwick-p041-uk-bodc      -1.1  60.2  0.15  0.29  0.42    17    87   297   113
lewes,de-747a-usa-uh      -75.1  38.8  0.31  0.44  0.58     7    21    56    25
lianyungang-639a-chi       119.4  34.8  0.15  0.30  0.46     8    43   145    55
limetree_bay-254a-us      -64.8  17.7  0.24  0.33  0.44   180   373   912   441
lobos_de_afuera-084a      -80.7 -6.9  0.18  0.29  0.41    63   273  1022   371
lord_howe_b-399b-aus       159.1 -31.5  0.24  0.36  0.50    49   192   615   244
los_angeles,ca-567a-      -118.3  33.7  0.14  0.24  0.36   111   407  1021   469
lowestoft-p024-uk-bo       1.8  52.5  0.20  0.33  0.47     1     4     9     4
lumut-143a-malaysia-       100.6  4.2  0.18  0.28  0.39    87   276   717   323
lusi_a-633a-china-uh       121.6  32.1  0.17  0.28  0.39     1     4    11     5
maaloey-003-norway-s       5.1  61.9  0.07  0.22  0.36     3    30   132    44
magueyes_island,pr-2      -67.0  18.0  0.23  0.33  0.44  1103  1103  1103  1103
maisaka-maisaka-japa       137.6  34.7  0.18  0.29  0.41     0     2     4     2
maizuru-maizuru-japa       135.4  35.5  0.18  0.31  0.46   415   557   779   575
majuro,marshallislan       171.4  7.1  0.22  0.34  0.47  1200  1200  1200  1200
makurazaki-makurazak       130.3  31.3  0.19  0.33  0.47     4    15    49    19
malaga-mala-spain-ie      -4.4  36.7  0.21  0.29  0.37   699   891  1157   907
malakal_b-007b-repub       134.5  7.3  0.20  0.32  0.47  1200  1200  1200  1200
male_b,hulule-108b-r       73.5  4.2  0.23  0.33  0.46  1200  1200  1200  1200
malin_head-834a-irel      -7.3  55.4  0.11  0.25  0.39     6    32   106    41
manila_a-370a-philip       121.0  14.6  0.18  0.29  0.42    60   226   690   280
manta_b-089b-ecuador      -80.7 -0.9  0.18  0.28  0.40    32   119   345   145
mantyluoto-007-finla       21.5  61.6 -0.24 -0.10  0.04     0     0     3     1
manzanillo_a-395a-me      -104.3  19.1  0.20  0.30  0.41    88   303   951   383
marsden_point-398a-n       174.5 -35.8  0.24  0.37  0.51    48   198   704   265
marviken-012-sweden-       16.8  58.6 -0.04  0.15  0.34     0    16   143    36
massacre_bay,ak-550a       173.2  52.8  0.13  0.27  0.41    86   333  1008   413
matarani_b-094b-peru      -72.1 -17.0  0.17  0.27  0.38   695  1027  1535  1069
matsuyama-matsuyama-       132.7  33.9  0.17  0.32  0.48    10    53   232    78
mayport,fl-753a-usa-      -81.4  30.4  0.26  0.39  0.52   152   454  1233   543
mazatlan-673a-mexico      -106.4  23.2  0.19  0.29  0.40   252   578  1244   643
mera-mera-japan-jma        139.8  34.9  0.18  0.31  0.46    11    70   416   123
midway-050a-usa_trus      -177.4  28.2  0.22  0.36  0.50     4    16    56    22
millport-p049-uk-bod      -4.9  55.7  0.09  0.22  0.36     1     5    13     6
misumi-misumi-japan-       130.4  32.6  0.20  0.32  0.46   106   338   842   390
miyakejima-357a-japa       139.5  34.1  0.18  0.31  0.46     7    34   146    50
miyako-miyako-japan-       142.0  39.6  0.16  0.32  0.49   664  1045  1676  1097
mokuoloe-061a-usa-uh      -157.8  21.4  0.21  0.33  0.46  1200  1200  1200  1200
montauk,ny-279a-usa-      -72.0  41.0  0.26  0.42  0.59     4    15    49    19
monterey,ca-555a-usa      -121.9  36.6  0.19  0.30  0.42    98   362  1021   434
mossel_bay-185a-sout       22.1 -34.2  0.23  0.33  0.45    58   173   442   202
murotomisaki-murotom       134.2  33.3  0.18  0.29  0.41     2     6    17     8
nagasaki-nagasaki-ja       129.9  32.7  0.20  0.32  0.46    66   245   739   302
nagoya-nagoya-japan-       136.9  35.1  0.20  0.30  0.42     3    10    25    12
naha-naha-japan-jma        127.7  26.2  0.22  0.35  0.50    33   149   623   214
nakano_shima-345a-ja       129.8  29.8  0.21  0.34  0.49    16    77   321   112
nantes_usine_brulee-      -1.6  47.2  0.19  0.29  0.40    18    56   135    63
nantucketisland-8449      -70.1  41.3  0.19  0.39  0.59     5    34   209    62
napier-668a-new_zeal       176.9 -39.5  0.24  0.34  0.46  1369  1535  1726  1539
napoli-napoli-italy-       14.3  40.8  0.21  0.29  0.38  1070  1070  1070  1070
nauru-nauru-glossdm-       166.9 -0.5  0.23  0.33  0.45   163   470  1224   553
nawiliwili-058a-usa-      -159.3  22.0  0.21  0.33  0.46   328   627  1287   697
naze-359a-japan-uhsl       129.5  28.4  0.21  0.35  0.50    42   182   658   242
neah_bay,wa-558a-usa      -124.6  48.4  0.14  0.24  0.35     7    24    67    29
new_london,ct-744a-u      -72.1  41.4  0.25  0.42  0.60     2     7    17     8
new_york,ny-745a-usa      -74.0  40.7  0.23  0.42  0.61     4    16    62    23
newhaven-p011-uk-bod       0.1  50.8  0.19  0.28  0.38    22    59   129    65
newlyn,_cornwall-294      -5.5  50.1  0.21  0.31  0.42    64   162   333   176
newport,ri-253a-usa-      -71.3  41.5  0.19  0.39  0.59    12    88   510   153
newport-p057-uk-bodc      -3.0  51.5  0.20  0.29  0.39    44    92   160    96
nishinoomote-363a-ja       131.0  30.7  0.20  0.34  0.48    45   188   654   246
nome,ak-595a-usa-uhs      -165.4  64.5  0.19  0.30  0.41     0     2     7     3
noumea_a-019a-france       166.4 -22.3  0.23  0.34  0.47  1200  1200  1200  1200
nuku_alofa-038a-tong      -175.2 -21.1  0.23  0.34  0.46  1200  1200  1200  1200
ny_alesund-823a-norw       11.9  78.9 -0.35 -0.15  0.05     0     0     5     1
ofunato-ofunato-japa       141.8  39.0  0.19  0.28  0.38    40   166   695   240
okada-okada-japan-jm       139.4  34.8  0.18  0.31  0.46    93   347  1228   464
olandsnorraudde-013-       17.1  57.4 -0.04  0.15  0.34     0     6    37    11
omaezaki-omaezaki-ja       138.2  34.6  0.18  0.29  0.41    18    77   323   112
onahama-onahama-japa       140.9  36.9  0.19  0.29  0.40    27   122   577   187
osaka-osaka-japan-jm       135.4  34.6  0.20  0.30  0.42     2     5    11     5
oskarshamn-014-swede       16.5  57.3  0.01  0.20  0.39     1    14    97    27
oslo-004-norway-stat       10.7  59.9 -0.02  0.12  0.27     0     3    10     4
otranto-otranto-ital       18.5  40.1  0.19  0.27  0.36   595   595   595   595
oulu-008-finland-fmi       25.4  65.0 -0.42 -0.23 -0.03     0     0     2     0
oura-oura-japan-jma        130.2  33.0  0.20  0.32  0.46    19    64   192    80
owase-owase-japan-jm       136.2  34.1  0.20  0.30  0.42     8    28    96    37
pago_pago-056a-usa_t      -170.7 -14.3  0.20  0.32  0.45  1200  1200  1200  1200
paita_b-678b-peru-uh      -81.2 -5.1  0.18  0.29  0.41    42   191   727   262
palinuro-palinuro-it       15.3  40.0  0.21  0.29  0.38   791   916  1074   922
papeete_b-015b-frenc      -149.6 -17.5  0.20  0.31  0.43    67   204   907   310
penang-144a-malaysia       100.3  5.4  0.19  0.29  0.39   159   452  1107   521
penrhyn-024a-cook_is      -158.1 -9.0  0.21  0.32  0.43   260   453   876   499
pensacola,fl-762a-us      -87.2  30.4  0.25  0.38  0.51     1     3     6     3
philadelphia_pier9n_      -75.1  39.9  0.27  0.44  0.61     3    13    40    16
pietarsaari-009-finl       22.7  63.7 -0.34 -0.18 -0.02     0     0     1     0
pisco_b-683b-peru-uh      -76.1 -13.4  0.18  0.26  0.36    55   237   905   323
pohnpei_b-001b-fd._s       158.2  7.0  0.22  0.33  0.46  1200  1200  1200  1200
port_angeles,_wa-584      -123.4  48.1  0.14  0.24  0.35     3    17    52    21
port_elizabeth-184a-       25.6 -34.0  0.24  0.34  0.46    63   205   619   256
port_hedland-169a-au       118.6 -20.3  0.21  0.32  0.45    32    92   216   104
portisabel-8779770-u      -97.2  26.1  0.25  0.36  0.48     1     3     8     4
port_kembla-342a-aus       150.9 -34.5  0.25  0.35  0.46   459   849  1525   907
port_louis_c-103c-ma       57.5 -20.2  0.21  0.34  0.48   939   939   939   939
port_nolloth-701a-so       16.9 -29.2  0.25  0.34  0.44   406   738  1286   779
portsanluis-9412110-      -120.8  35.2  0.19  0.30  0.42   125   408  1076   475
port_tudy-port_tudy-      -3.4  47.6  0.20  0.28  0.37    36    84   170    91
port_vendres-port_ve       3.1  42.5  0.22  0.29  0.38   225   353   535   364
port_vila_b-046b-van       168.3 -17.8  0.21  0.33  0.46  1200  1200  1200  1200
porterin-p919-uk-bod      -4.8  54.1  0.14  0.25  0.36     3    14    39    17
portland,me-252a-usa      -70.2  43.7  0.09  0.30  0.52     7    98   522   161
portland,s.aus.-129a       141.6 -38.3  0.21  0.30  0.40   111   299   718   341
portpatrick-p063-uk-      -5.1  54.8  0.12  0.25  0.38     3    13    38    16
portrush-p935-uk-bod      -6.7  55.2  0.09  0.23  0.37     3    25    92    33
portsmouth-p008-uk-b      -1.1  50.8  0.19  0.28  0.38    24    72   175    82
prince_rupert_b-540b      -130.3  54.3  0.00  0.10  0.21     1     9    34    12
providence_statepier      -71.4  41.8  0.19  0.39  0.59     3    15    61    22
prudhoe_bay,_ak-579a      -148.5  70.4  0.16  0.33  0.49     1    11    36    14
pt._la_rue-121a-seyc       55.5 -4.7  0.23  0.35  0.49   951  1174  1467  1188
puerto_angel-672a-me      -96.5  15.7  0.20  0.30  0.41   683  1027  1569  1070
puerto_cortes-780a-h      -88.0  15.8  0.23  0.33  0.43   791   791   791   791
puerto_montt-684a-ch      -73.0 -41.5  0.12  0.19  0.27    19    44    89    48
puertowilliams,chile      -67.6 -54.9  0.17  0.26  0.35     4    14    34    16
quepos,costarica-que      -84.2  9.4  0.20  0.29  0.39   209   479   970   523
raahe-010-finland-fm       24.4  64.7 -0.41 -0.22 -0.03     0     0     1     0
rabaul-010a-papua_ne       152.2 -4.2  0.20  0.31  0.44  1200  1200  1200  1200
rarotonga,cookisland      -159.8 -21.2  0.21  0.32  0.45     6    25   121    41
ratan-015-sweden-smh       20.9  64.0 -0.36 -0.20 -0.04     0     0     1     0
rauma-011-finland-fm       21.4  61.1 -0.14  0.02  0.18     0     1    14     3
reedypoint-8551910-u      -75.6  39.6  0.27  0.44  0.61    13    66   332   106
reykjavik-reykjavik-      -21.9  64.2 -0.09  0.06  0.21     0     5    48    12
rikitea-016a-french_      -135.0 -23.1  0.20  0.30  0.41  1200  1200  1200  1200
ringhals-016-sweden-       12.1  57.2  0.01  0.18  0.34     0     4    15     5
rockport,_tx-769a-us      -97.0  28.0  0.26  0.36  0.48     1     4     9     4
rodrigues-105a-mauri       63.4 -19.7  0.21  0.33  0.47    14    73   363   115
roervik-005-norway-s       11.2  64.9 -0.01  0.13  0.27     1     3    11     4
roscoff-roscoff-fran      -4.0  48.7  0.21  0.31  0.41    13    31    64    34
rosslyn_bay-330a-aus       150.8 -23.2  0.24  0.34  0.46   181   395   740   421
s.cruz_d._palma_b-20      -17.8  28.7  0.24  0.35  0.47   546   856  1302   880
sabine_pass_n,tx-766      -93.9  29.7  0.25  0.37  0.50     0     2     5     2
saigo-saigo-japan-jm       133.3  36.2  0.19  0.32  0.47   893   893   893   893
saint_gildas-saint_g      -2.2  47.1  0.19  0.29  0.40    11    27    63    31
saint_malo-saint_mal      -2.0  48.6  0.20  0.29  0.39    74   145   237   149
saipan_b-028b-n._mar       145.7  15.2  0.19  0.33  0.49     2     8    35    13
sakai-sakai-japan-jm       133.2  35.5  0.21  0.31  0.42    15    59   277    91
salalah-114a-oman-uh       54.0  16.9  0.19  0.30  0.43  1200  1200  1200  1200
salina_cruz-394a-mex      -95.2  16.2  0.20  0.29  0.41   106   384  1263   492
san_diego-569a-usa-u      -117.2  32.7  0.16  0.27  0.39   164   489  1139   549
san_felix-035a-chile      -80.1 -26.3  0.18  0.27  0.37  1200  1200  1200  1200
san_francisco,ca-551      -122.5  37.8  0.16  0.27  0.39    20    94   373   133
san_jose-675a-guatem      -90.8  13.9  0.20  0.30  0.42   279   662  1427   736
san_juan,pr-245a-usa      -66.1  18.5  0.22  0.33  0.44   343   652  1367   736
san_juan_a-096a-peru      -75.2 -15.4  0.18  0.28  0.38  1143  1317  1536  1325
sand_point,ak-574a-u      -160.5  55.3  0.14  0.28  0.42     8    41   139    53
sandyhook-8531680-us      -74.0  40.5  0.23  0.42  0.61     4    13    44    17
santa_cruz-030a-ecua      -90.3 -0.8  0.21  0.31  0.43   600   864  1243   888
santa_monica,_ca-578      -118.5  34.0  0.14  0.24  0.36    73   290   798   345
santander-sant-spain      -3.8  43.5  0.19  0.28  0.37    97   218   409   231
seattle-9447130-usa-      -122.3  47.6  0.14  0.24  0.35     8    32   101    41
sedili-324a-malaysia       104.1  1.9  0.21  0.31  0.42    26    87   249   106
seldovia-9455500-usa      -151.7  59.4  0.09  0.22  0.36     4    22    66    27
seward_c,ak-560c-usa      -149.4  60.1  0.10  0.22  0.35     4    22    70    28
sewellspoint,hampton      -76.3  36.9  0.29  0.45  0.61     2     5    12     6
shanwei-641a-china-u       115.3  22.8  0.19  0.29  0.41    19    71   214    88
shijiusuo-642a-china       119.5  35.4  0.14  0.30  0.47     7    46   182    64
shimizuminato-shimiz       138.5  35.0  0.18  0.29  0.41    20    94   421   141
shirahama-shirahama-       135.4  33.7  0.20  0.30  0.42    28   110   407   149
simon_s_town-221a-so       18.4 -34.2  0.24  0.34  0.44   347   705  1359   764
simrishamn-017-swede       14.4  55.6  0.06  0.25  0.43     2    31   148    47
sitka,ak-559a-usa-uh      -135.3  57.1  0.13  0.23  0.34     6    21    56    24
skagsudde-018-sweden       19.0  63.2 -0.32 -0.17 -0.02     0     0     3     1
skagway-9452400-usa-      -135.3  59.5  0.03  0.16  0.30     2    13    45    17
skanor-019-sweden-sm       12.8  55.4  0.09  0.28  0.47     0     6    23     8
smogen-020-sweden-sm       11.2  58.4 -0.02  0.12  0.27     0     5    26     8
solomonsisland_biol.      -76.5  38.3  0.30  0.44  0.59    44   173   689   242
south_beach,or-592a-      -124.0  44.6  0.19  0.29  0.40    13    39   104    47
spikarna-021-sweden-       17.5  62.4 -0.33 -0.17 -0.02     0     0     1     0
spring_bay-335a-aust       147.9 -42.5  0.21  0.35  0.49   133   443  1372   564
springmaidpier-86610      -78.9  33.7  0.24  0.39  0.54    34   159   572   213
st.johns,canada-st.j      -52.7  47.6  0.26  0.41  0.56    40   177   642   237
st._petersburg,_fl-7      -82.6  27.8  0.26  0.38  0.51     3     9    23    11
stenungsund-022-swed       11.8  58.1  0.01  0.18  0.34     1     8    35    12
steveston,bc-07607-c      -123.2  49.1  0.14  0.24  0.35     2    10    29    12
sthelier-p074-uk-bod      -2.1  49.2  0.20  0.29  0.39    90   168   269   172
stockholm-826a-swede       18.1  59.3 -0.08  0.10  0.28     0     4    39    10
stornoway-p042-uk-bo      -6.4  58.2  0.09  0.24  0.38     8    49   147    59
sumoto-sumoto-japan-       134.9  34.4  0.18  0.29  0.41     9    32   115    43
surabaya-160a-indone       112.7 -7.2  0.21  0.32  0.43   239   606  1257   659
suva,fiji-suva,fiji-       178.4 -18.1  0.21  0.32  0.45   968  1192  1507  1213
syowa,_antarctica-12       39.6 -69.0  0.13  0.27  0.42    34   236  1132   357
takamatsu-takamatsu-       134.1  34.4  0.18  0.29  0.41     5    17    57    22
talara_b-092b-peru-u      -81.3 -4.6  0.18  0.29  0.40    45   193   667   253
tanjong_pagar-699a-s       103.9  1.3  0.21  0.31  0.42    62   212   632   262
tannowa-tannowa-japa       135.2  34.3  0.20  0.30  0.42    12    43   147    57
taranaki-076a-new_ze       174.0 -39.0  0.22  0.32  0.43     1     3     7     4
tarawa_d,betio-002d-       172.9  1.4  0.22  0.33  0.45  1200  1200  1200  1200
tarifa-tari-spain-ie      -5.6  36.0  0.19  0.26  0.34   191   449   984   500
tauranga-073a-new_ze       176.2 -37.6  0.22  0.33  0.45   467   819  1439   873
tawau-385a-malaysia-       117.9  4.2  0.20  0.30  0.42   766  1144  1640  1171
tenerife-tenerife-sp      -16.2  28.5  0.24  0.35  0.46   683   952  1301   971
thevenard-128a-austr       133.6 -32.1  0.20  0.31  0.42     9    33    85    38
tioman-323a-malaysia       104.1  2.8  0.21  0.31  0.43    29    96   266   115
toba-toba-japan-jma        136.8  34.5  0.20  0.30  0.42     9    31   100    40
tobermory-p223-uk-bo      -6.1  56.6  0.09  0.23  0.38     3    15    47    19
tofino-542a-canada-u      -125.9  49.1  0.10  0.21  0.32     3    13    40    16
tokyo-tokyo-japan-jm       139.8  35.6  0.17  0.31  0.47     3    13    52    19
tosashimizu-tosashim       133.0  32.8  0.17  0.32  0.48     2     6    17     7
townsville-334a-aust       146.8 -19.2  0.24  0.33  0.44    44   107   232   118
toyama-toyama-japan-       137.2  36.8  0.20  0.29  0.40   719   743   768   743
tregde-804a-norway-u       7.6  58.0  0.10  0.25  0.41     4    34   183    55
trieste-270061-italy       13.8  45.6  0.16  0.24  0.33     5    16    39    18
tumaco-303a-colombia      -78.7  1.8  0.18  0.26  0.36    53   135   302   152
turku-012-finland-fm       22.1  60.4 -0.14  0.02  0.18     0     1    16     4
uchiura-uchiura-japa       138.9  35.0  0.18  0.29  0.41    31   137   521   188
ullapool-p043-uk-bod      -5.2  57.9  0.08  0.22  0.37     4    26    85    33
uno-uno-japan-jma          133.9  34.5  0.21  0.31  0.42     7    19    53    23
uragami-uragami-japa       135.9  33.6  0.20  0.30  0.42     6    22    75    29
uwajima-uwajima-japa       132.6  33.2  0.17  0.32  0.48    13    86   468   142
vaasa-013-finland-fm       21.6  63.1 -0.35 -0.19 -0.03     0     0     1     0
valdez,ak-562a-usa-u      -146.4  61.1  0.06  0.18  0.31     2    17    59    22
valencia-valencia-sp      -0.3  39.5  0.22  0.30  0.39   556   556   556   556
valparaiso-081a-chil      -71.6 -33.0  0.17  0.24  0.33   173   467  1126   533
varberg1-024-sweden-       12.2  57.1  0.08  0.25  0.42     3    38   152    52
venezia-punta_salute       12.4  45.4  0.16  0.24  0.33     4    14    35    16
victoria,bc-543a-can      -123.4  48.4  0.14  0.24  0.35     8    30    92    38
vigo-vigo-spain-ieo       -8.7  42.2  0.20  0.31  0.42    28    77   184    88
visby-026-sweden-smh       18.3  57.6 -0.04  0.16  0.35     1    28   201    54
wakayama-wakayama-ja       135.2  34.2  0.20  0.30  0.42    11    40   141    54
wake-051a-usa_trust-       166.6  19.3  0.20  0.34  0.49     9    55   440   115
wakkanai-wakkanai-ja       141.7  45.4  0.16  0.29  0.44    38   169   759   252
washingtondc-8594900      -77.0  38.9  0.30  0.44  0.59     1     4     8     4
wellington-071a-new_       174.8 -41.3  0.23  0.33  0.44   480   894  1674   964
weymouth-p991-uk-bod      -2.4  50.6  0.20  0.29  0.39    32   100   258   116
whitby-p174-uk-bodc       -0.6  54.5  0.18  0.30  0.42     5    16    40    19
wick-p035-uk-bodc         -3.1  58.4  0.09  0.24  0.40     4    36   144    50
willapa_bay,_wa-564a      -124.0  46.7  0.17  0.28  0.40     3    10    25    11
willetspoint-8516990      -73.8  40.8  0.23  0.42  0.61     1     3     7     4
wilmington,nc-750a-u      -78.0  34.2  0.26  0.40  0.55    20   100   537   166
wladyslawowo-wlad-po       18.4  54.8  0.04  0.23  0.42     1    12    59    19
woods_hole,ma-742a-u      -70.7  41.5  0.19  0.39  0.59     3    11    45    16
workington-p217-uk-b      -3.6  54.7  0.14  0.25  0.36     4    14    35    16
wyndham-165a-austral       128.1 -15.5  0.19  0.30  0.42   134   389   903   438
xiamen-376a-china-uh       118.1  24.4  0.19  0.31  0.45     8    24    65    29
yakutat-9453220-usa-      -139.7  59.5  0.03  0.16  0.30     1    10    41    14
yap_b-008b-fd._st._m       138.1  9.5  0.21  0.33  0.48     9    47   326    93
yokohama-yokohama-ja       139.6  35.5  0.17  0.31  0.47     6    35   198    60
ystad-027-sweden-smh       13.8  55.4  0.06  0.25  0.43     3    34   155    50
zanzibar-151a-tanzan       39.2 -6.2  0.23  0.32  0.42   260   497   828   516
zhapo_a-635a-china-u       111.8  21.6  0.19  0.31  0.43    15    54   157    67
burrulus_tide              31.0  31.6  0.22  0.30  0.39     1    10    30    12
lautoka_fiji_uhslc         177.4 -17.6  0.21  0.33  0.45   152   436  1185   523
