name                         lon   lat  RSL_05 RSL_50 RSL_95 AF_05 AF_50 AF_95 AF_mean
abashiri-abashiri-ja       144.3  44.0  0.28  0.43  0.60    67   253  1005   356
aburatsu-aburatsu-ja       131.4  31.6  0.29  0.50  0.73    27   125   654   200
acajutla_a-082a-el_s      -89.8  13.6  0.31  0.48  0.67  1200  1200  1200  1200
acapulco_a,gro.-316a      -99.9  16.8  0.31  0.46  0.64  1200  1200  1200  1200
adak,alaska-040a-usa      -176.6  51.9  0.29  0.46  0.66   399   618   953   645
alameda_navalairstat      -122.3  37.8  0.25  0.43  0.62   237   639  1599   743
alertbay,bc-08280-ca      -126.9  50.6  0.15  0.25  0.39    10    38   111    47
algeciras-alge-spain      -5.4  36.1  0.27  0.37  0.48     7    18    54    23
anchorage-9455920-us      -149.9  61.2  0.16  0.34  0.54    36   161   436   189
ancona-ancona-italy-       13.5  43.6  0.24  0.35  0.47     0     4    11     4
annapolis_navalacade      -76.5  39.0  0.44  0.65  0.88    22   100   630   175
antofagasta-080a-chi      -70.4 -23.6  0.29  0.42  0.56  1200  1200  1200  1200
apia_b-401b-western_      -171.8 -13.8  0.34  0.51  0.72  1200  1200  1200  1200
arrecife-arre-spain-      -13.5  29.0  0.33  0.48  0.65  1200  1200  1200  1200
astoria,or-572a-usa-      -123.8  46.2  0.28  0.45  0.63    42   166   555   217
atlantic_city-264a-u      -74.4  39.4  0.40  0.65  0.93   107   415  1554   566
ayukawa-ayukawa-japa       141.5  38.3  0.29  0.43  0.60  1200  1200  1200  1200
bahia_los_angeles-31      -113.5  29.0  0.34  0.49  0.67  1014  1185  1395  1194
balboa-302a-panama-u      -79.6  9.0  0.36  0.50  0.66   274   529   944   560
baltimore-8574680-us      -76.6  39.3  0.44  0.65  0.88    10    45   278    83
baltra_b-003b-ecuado      -90.3 -0.4  0.34  0.50  0.69  1200  1200  1200  1200
bangor-p662-uk-bodc       -5.7  54.7  0.17  0.36  0.56     1     3     7     3
barcelona-barcelona-       2.2  41.3  0.33  0.44  0.57   572   572   572   572
barharbor,frenchmanb      -68.2  44.4  0.06  0.38  0.70     8   200  1201   343
bari-bari-italy-idro       16.9  41.1  0.28  0.39  0.51   823   823   823   823
barmouth-p923-uk-bod      -4.0  52.7  0.23  0.39  0.56    23    83   219    97
bayonne_boucau-bayon      -1.5  43.5  0.27  0.39  0.53   134   333   715   366
beihai-636a-china-uh       109.1  21.5  0.30  0.46  0.66    29   109   337   137
bermuda,st.georgesis      -64.7  32.4  0.26  0.50  0.74  1200  1200  1200  1200
bilbao-bilbao-spain-      -3.0  43.4  0.27  0.40  0.54   335   631  1044   654
bintulu-387a-malaysi       113.1  3.2  0.33  0.49  0.68   752   872  1027   881
bonanza-bonanza-spai      -6.3  36.8  0.31  0.42  0.55    59   158   384   181
booby_island-336a-au       141.9 -10.6  0.35  0.52  0.71   146   420  1019   481
boston,ma-741a-usa-u      -71.1  42.4  0.14  0.48  0.83    10   156  1159   306
brest-822a-france-uh      -4.5  48.4  0.30  0.45  0.62    78   194   406   212
bridgeport-8467150-u      -73.2  41.2  0.33  0.61  0.91    11    79   569   159
brisbane-331a-austra       153.2 -27.4  0.36  0.52  0.70  1200  1200  1200  1200
broome-166a-australi       122.2 -18.0  0.34  0.51  0.70   153   326   591   343
buenaventura-085a-co      -77.1  3.9  0.27  0.43  0.61   166   437   968   486
buenos_aires-285a-ar      -58.5 -34.7  0.28  0.43  0.61     3     9    23    11
bundaberg-332a-austr       152.4 -24.8  0.36  0.52  0.71  1441  1532  1633  1534
burnie-344a-australi       145.9 -41.0  0.32  0.48  0.67  1251  1546  1898  1554
cabo_san_lucas-034a-      -109.9  22.9  0.36  0.50  0.67  1200  1200  1200  1200
cadiz-cadi-spain-ieo      -6.3  36.5  0.31  0.42  0.55   208   457   921   499
cagliari-cagliari-it       9.1  39.2  0.33  0.44  0.57  1200  1200  1200  1200
callao_b-093b-peru-u      -77.2 -12.1  0.28  0.44  0.62  1200  1200  1200  1200
cambridgeii-8571892-      -76.1  38.6  0.44  0.65  0.88   272   603  1438   707
cananeia-281a-brazil      -47.9 -25.0  0.31  0.48  0.68    10    40   172    58
cape_ferguson-343a-a       147.1 -19.3  0.35  0.50  0.67    97   272   708   320
capemay-8536110-usa-      -75.0  39.0  0.44  0.64  0.85   108   396  1526   548
cape_town-704a-south       18.4 -33.9  0.36  0.52  0.71  1200  1200  1200  1200
carloforte-carlofort       8.3  39.1  0.33  0.45  0.57  1200  1200  1200  1200
carnarvon-167a-austr       113.7 -24.9  0.33  0.51  0.71   641   973  1544  1023
cartagena-265a-colom      -75.5  10.4  0.34  0.48  0.64  1200  1200  1200  1200
cascais-209a-portuga      -9.4  38.7  0.32  0.44  0.58   241   537  1091   586
catania-catania-ital       15.1  37.5  0.35  0.46  0.58   447   579   779   595
cendering-320a-malay       103.2  5.3  0.33  0.49  0.69   175   456  1158   538
ceuta-ceta-spain-ieo      -5.3  35.9  0.27  0.37  0.48  1200  1200  1200  1200
charchanga-138a-bang       91.0  22.2  0.27  0.40  0.55     2    10    26    11
charleston,or-575a-u      -124.3  43.3  0.31  0.47  0.65    59   237   783   304
charleston,sc-261a-u      -79.9  32.8  0.35  0.58  0.83    74   321  1341   463
charlotte_amalie-255      -64.9  18.3  0.35  0.51  0.69  1200  1200  1200  1200
chesapeake_bbt-749a-      -76.1  37.0  0.43  0.66  0.91     8    37   171    57
chichijima-chichijim       142.2  27.1  0.33  0.55  0.80   840   874   917   876
choshigyoko-choshigy       140.9  35.8  0.27  0.48  0.71   122   382  1374   525
christmas_b-011b-rep      -157.5  2.0  0.34  0.52  0.72  1200  1200  1200  1200
churchill-274a-canad      -94.2  58.8 -1.93 -1.05 -0.17     0     0     0     1
truk,fed.micronesia-       151.8  7.5  0.36  0.53  0.73  1200  1200  1200  1200
ciudad_del_carmen-77      -91.8  18.5  0.34  0.48  0.64   430   485   560   489
cocos-171a-australia       96.9 -12.1  0.35  0.53  0.74  1200  1200  1200  1200
cordemais-cordemais-      -1.9  47.3  0.28  0.43  0.60   125   379   874   426
cordova_b,alaska-583      -145.8  60.6  0.09  0.28  0.49     5    45   200    66
corpus_cristi,tx-770      -97.2  27.6  0.37  0.54  0.74     2     9    28    11
la_coruna-830a-spain      -8.4  43.4  0.28  0.45  0.64   167   468  1041   520
cox_s_bazaar-136a-ba       91.8  21.4  0.27  0.40  0.55    22    69   186    82
crescent_city,ca-556      -124.2  41.7  0.28  0.46  0.65    43   206   844   293
cristobal-266a-panam      -79.9  9.4  0.36  0.50  0.66  1200  1200  1200  1200
cuxhaven-cuxhaven-ge       8.7  53.9  0.18  0.46  0.74     1     3     6     3
darwin-168a-australi       130.8 -12.5  0.34  0.50  0.69   349   693  1221   728
degerby-001-finland-       20.4  60.0 -0.31 -0.12  0.07     0     0     6     1
delfzijl-del-nl-rws        6.9  53.3  0.22  0.47  0.73     1     2     6     3
denhelder-hel-nl-rws       4.7  53.0  0.27  0.44  0.62     2     8    19     9
devonport-p002-uk-bo      -4.2  50.4  0.30  0.46  0.62   130   385   891   433
dieppe-dieppe-france       1.1  49.9  0.23  0.43  0.64   209   533   983   557
donges-donges-france      -2.1  47.3  0.28  0.43  0.60    41   129   323   149
dongfang-637a-china-       108.6  19.1  0.31  0.47  0.65   237   533  1190   604
duck_pier,nc-260a-us      -75.7  36.2  0.43  0.66  0.91    82   324  1252   446
dunkerque-dunkerque-       2.4  51.0  0.24  0.45  0.66    10    51   188    69
durban,southafrica-d       31.1 -29.9  0.35  0.50  0.68  1200  1200  1200  1200
unalaska-9462620-usa      -166.5  53.9  0.27  0.45  0.65   756   883  1040   890
easter_c-022c-chile-      -109.4 -27.1  0.30  0.46  0.64    45   194  1129   331
eastport,me-740a-usa      -67.0  44.9  0.11  0.41  0.71    12   183   771   260
enewetok_a-006a-rep.       162.4  11.4  0.35  0.53  0.74  1200  1200  1200  1200
ensenada-317a-mexico      -116.6  31.9  0.32  0.48  0.66  1200  1200  1200  1200
esbjerg-130121-denma       8.4  55.5  0.19  0.46  0.73     1     5    14     6
esmeraldas-098a-ecua      -79.6  1.0  0.29  0.43  0.59   333   632  1132   670
esperance-176a-austr       121.9 -33.9  0.33  0.50  0.69   269   576  1240   643
faraday-700a-united_      -64.3 -65.2 -0.23  0.05  0.35     0     3   222    42
felixstowe-p204-uk-b       1.3  52.0  0.25  0.47  0.70    13    79   329   113
fishguard-p055-uk-bo      -5.0  52.0  0.23  0.39  0.56    64   218   523   247
forsmark-003-sweden-       18.2  60.4 -0.45 -0.27 -0.10     0     0     1     0
fort_denison-333a-au       151.2 -33.9  0.35  0.52  0.72  1200  1200  1200  1200
fort_pulaski,ga-752a      -80.9  32.0  0.35  0.56  0.79   636  1042  1691  1088
freeport-8772440-usa      -95.3  28.9  0.37  0.54  0.73     3     8    22    10
fremantle-175a-austr       115.7 -32.0  0.32  0.50  0.70   246   494  1008   551
french_frigate_a-014      -166.3  23.9  0.34  0.52  0.72  1200  1200  1200  1200
fukaura-fukaura-japa       139.9  40.6  0.31  0.45  0.61   831   831   831   831
fukue-fukue-japan-jm       128.8  32.7  0.30  0.49  0.70  1180  1180  1180  1180
fulfordharbour,bc-07      -123.5  48.8  0.23  0.39  0.56    30   130   449   173
funafuti,tuvalu-funa       179.2 -8.5  0.34  0.52  0.72   198   466  1126   544
funchal_b-218b-portu      -16.9  32.6  0.34  0.51  0.70  1200  1200  1200  1200
furuogrund-004-swede       21.2  64.9 -0.66 -0.43 -0.20     0     0     1     0
galveston,pier_21-77      -94.8  29.3  0.34  0.53  0.73     2     4    10     5
gan-109a-rep._of_mal       73.2 -0.7  0.34  0.52  0.72  1200  1200  1200  1200
gedser-837a-denmark-       11.9  54.6  0.13  0.41  0.70     2    10    43    14
geting-326a-malaysia       102.1  6.2  0.33  0.47  0.64   192   455  1074   526
gladstone-p234-uk-bo      -3.0  53.4  0.23  0.34  0.46    17    45    94    49
goteborgtorshamnen-0       11.8  57.7 -0.01  0.22  0.46     1     9    57    17
grandisle-8761724-us      -90.0  29.3  0.36  0.56  0.77     0     2     5     2
groote_eylandt-145a-       136.4 -13.9  0.34  0.52  0.72     2    12    36    14
guam-053a-usa_trust-       144.7  13.4  0.34  0.52  0.73  1200  1200  1200  1200
guaymas-397a-mexico-      -110.9  27.9  0.28  0.44  0.61   872   872   872   872
hachinohe-hachinohe-       141.5  40.5  0.27  0.47  0.69  1200  1200  1200  1200
haikou-638a-china-uh       110.3  20.0  0.30  0.47  0.66     4    16    58    22
hakodate-hakodate-ja       140.7  41.8  0.30  0.44  0.60  1200  1200  1200  1200
halifax-275a-canada-      -63.6  44.7  0.27  0.55  0.84   112   472  1650   626
hamada-hamada-japan-       132.1  34.9  0.30  0.45  0.62   187   410   996   483
hamina-002-finland-f       27.2  60.6 -0.15  0.13  0.41     0     4    29     8
hanasaki-hanasaki-ja       145.6  43.3  0.22  0.47  0.74   289   685  1623   798
hanko-003-finland-fm       23.0  59.8 -0.19  0.07  0.34     0     3    60    13
heimsjoe-001-norway-       9.1  63.4 -0.01  0.14  0.28     1     6    28     9
helsinki-004-finland       25.0  60.2 -0.15  0.13  0.41     0     5    53    13
heysham-p050-uk-bodc      -2.9  54.0  0.23  0.34  0.46     9    21    42    22
hillarys-132a-austra       115.7 -31.8  0.32  0.50  0.70   103   315   937   394
hilo,_hawaii-060a-us      -155.1  19.7  0.34  0.52  0.73  1200  1200  1200  1200
hinkleypoint-p003-uk      -3.1  51.2  0.30  0.42  0.56   104   202   336   208
hiron_point-134a-ban       89.5  21.8  0.26  0.42  0.61    13    57   246    84
hobart-339a-australi       147.3 -42.9  0.33  0.51  0.71   654   990  1554  1039
hoekvanholla-hvh-nl-       4.1  52.0  0.27  0.44  0.62     3    10    26    12
holyhead-p054-uk-bod      -4.6  53.3  0.21  0.38  0.56    31   144   416   173
hong_kong_b-329b-chi       114.2  22.3  0.32  0.48  0.67    24   104   399   146
honiara,solomonislan       160.0 -9.4  0.33  0.52  0.74  1200  1200  1200  1200
honningsvaag-002-nor       26.0  71.0  0.03  0.23  0.41     1    20   111    34
honolulu_b,hawaii-05      -157.9  21.3  0.34  0.51  0.71  1200  1200  1200  1200
hornbaek-838a-denmar       12.5  56.1  0.07  0.33  0.60     2    15    84    26
hosojima-358a-japan-       131.7  32.4  0.27  0.48  0.72    14    79   530   143
humboldt_bay,_ca-576      -124.2  40.8  0.28  0.46  0.65   266   650  1484   738
ilha_fiscal,rj-280a-      -43.2 -22.9  0.31  0.48  0.67   115   373  1276   495
immingham-p026-uk-bo      -0.2  53.6  0.25  0.46  0.68     7    30    96    38
ishigaki-ishigaki-ja       124.2  24.3  0.34  0.52  0.74    53   206   919   304
johnston-052a-usa_tr      -169.5  16.7  0.35  0.54  0.75  1200  1200  1200  1200
johor_baharu-321a-ma       103.8  1.5  0.34  0.48  0.65   707  1003  1470  1040
juan_fernandez_b-021      -78.8 -33.6  0.30  0.45  0.62  1200  1200  1200  1200
juneau-9452210-usa-n      -134.4  58.3  0.16  0.32  0.49     6    26    78    32
kagoshima-kagoshima-       130.6  31.6  0.30  0.49  0.71    17    87   475   144
kahului-059a-usa-uhs      -156.5  20.9  0.35  0.52  0.72  1200  1200  1200  1200
kalix-006-sweden-smh       23.1  65.7 -0.70 -0.42 -0.14     0     0     0     0
kanmen_a-632a-china-       121.3  28.1  0.27  0.42  0.60     3    10    28    12
kanton_b-013b-rep._o      -171.7 -2.8  0.35  0.52  0.71  1200  1200  1200  1200
kaohsiung-340a-repub       120.3  22.6  0.34  0.50  0.69  1200  1200  1200  1200
kapingamarangi-029a-       154.8  1.1  0.36  0.53  0.72  1200  1200  1200  1200
kaskinen-005-finland       21.2  62.3 -0.52 -0.34 -0.15     0     0     1     0
kawasaki-kawasaki-ja       139.8  35.5  0.27  0.48  0.71    59   252  1254   402
keelung-341a-republi       121.7  25.2  0.30  0.49  0.70    13    71   600   151
kelang-140a-malaysia       101.4  3.0  0.30  0.44  0.60   156   388   836   430
keling-141a-malaysia       102.2  2.2  0.33  0.50  0.69  1200  1200  1200  1200
kemi-006-finland-fmi       24.5  65.7 -0.70 -0.42 -0.14     0     0     1     0
kerguelen-180a-franc       70.2 -49.3  0.38  0.59  0.83  1200  1200  1200  1200
ketchikan,ak-571a-us      -131.6  55.3  0.07  0.25  0.45     6    60   234    82
key_west,fl-242a-usa      -81.8  24.6  0.37  0.55  0.74  1200  1200  1200  1200
kinlochbervi-p918-uk      -5.1  58.5  0.08  0.30  0.51     2    22    94    32
klagshamn-007-sweden       12.9  55.5  0.11  0.38  0.66     2    17    94    29
ko_lak-328a-thailand       99.8  11.8  0.32  0.46  0.62   415   632   962   655
ko_taphao_noi-148a-t       98.4  7.8  0.31  0.48  0.68  1200  1200  1200  1200
kobe-kobe-japan-jma        135.2  34.7  0.30  0.46  0.64    10    40   169    59
kochi-kochi-japan-jm       133.6  33.5  0.29  0.45  0.64     4    15    55    21
kodiak_isl.,alaska-0      -152.5  57.7  0.20  0.41  0.63    14   101   441   149
komatsushima-komatsu       134.6  34.0  0.29  0.45  0.64    25   111   545   174
kota_kinabalu-386a-m       116.1  6.0  0.32  0.49  0.68  1115  1205  1324  1211
kuantan-322a-malaysi       103.4  4.0  0.33  0.50  0.69   150   433  1179   518
kuchinotsu-kuchinots       130.2  32.6  0.30  0.49  0.70   459   767  1303   817
kukup-325a-malaysia-       103.4  1.3  0.33  0.47  0.64  1200  1200  1200  1200
kungsholmsfort-008-s       15.6  56.1  0.05  0.30  0.56     4    60   314    95
kungsvik-009-sweden-       11.1  59.0 -0.09  0.13  0.34     0     6    41    11
kushimoto-kushimoto-       135.8  33.5  0.30  0.46  0.64   487   700  1058   731
kushiro-kushiro-japa       144.4  43.0  0.28  0.43  0.60   145   450  1629   619
kwajalein-055a-rep._       167.7  8.7  0.36  0.53  0.73  1200  1200  1200  1200
la_jolla,ca-554a-usa      -117.3  32.9  0.24  0.41  0.61  1200  1200  1200  1200
la_libertad-091a-ecu      -80.9 -2.2  0.28  0.45  0.64  1084  1210  1363  1216
la_paz-671a-mexico-u      -110.3  24.2  0.33  0.49  0.67  1200  1200  1200  1200
la_union_a-086a-el_s      -87.8  13.3  0.30  0.46  0.64  1200  1200  1200  1200
landsort1-011-sweden       17.9  58.7 -0.16  0.09  0.34     0     6   120    24
langkawi-142a-malays       99.8  6.4  0.30  0.47  0.68  1465  1541  1628  1545
las_palmas-laspalmas      -15.4  28.1  0.34  0.50  0.68  1200  1200  1200  1200
lautoka-402a-fiji-uh       177.4 -17.6  0.35  0.52  0.72  1200  1200  1200  1200
le_conquet-le_conque      -4.8  48.4  0.30  0.45  0.62   167   384   722   407
le_pellerin-le_pelle      -1.8  47.2  0.28  0.43  0.60     2     7    17     8
legaspi-371a-philipp       123.8  13.2  0.32  0.50  0.70  1200  1200  1200  1200
lerwick-p041-uk-bodc      -1.1  60.2  0.19  0.38  0.57    33   211   837   291
lewes,de-747a-usa-uh      -75.1  38.8  0.44  0.64  0.85    20    84   380   128
lianyungang-639a-chi       119.4  34.8  0.24  0.46  0.70    25   138   555   195
limetree_bay-254a-us      -64.8  17.7  0.35  0.51  0.69  1034  1034  1034  1034
lobos_de_afuera-084a      -80.7 -6.9  0.29  0.46  0.65  1200  1200  1200  1200
lord_howe_b-399b-aus       159.1 -31.5  0.38  0.55  0.74   600   910  1433   958
los_angeles,ca-567a-      -118.3  33.7  0.19  0.37  0.57   861  1111  1441  1130
lowestoft-p024-uk-bo       1.8  52.5  0.27  0.47  0.69     2     7    19     8
lumut-143a-malaysia-       100.6  4.2  0.30  0.44  0.60   697  1016  1534  1062
lusi_a-633a-china-uh       121.6  32.1  0.28  0.43  0.60     2     8    22    10
maaloey-003-norway-s       5.1  61.9  0.06  0.27  0.47     3    52   326    93
magueyes_island,pr-2      -67.0  18.0  0.34  0.50  0.68  1103  1103  1103  1103
maisaka-maisaka-japa       137.6  34.7  0.29  0.44  0.62     1     2     5     2
maizuru-maizuru-japa       135.4  35.5  0.28  0.47  0.70   807   807   807   807
majuro,marshallislan       171.4  7.1  0.36  0.53  0.72  1200  1200  1200  1200
makurazaki-makurazak       130.3  31.3  0.30  0.49  0.71    12    59   348   103
malaga-mala-spain-ie      -4.4  36.7  0.30  0.41  0.53  1186  1186  1186  1186
malakal_b-007b-repub       134.5  7.3  0.34  0.52  0.72  1200  1200  1200  1200
male_b,hulule-108b-r       73.5  4.2  0.34  0.51  0.71  1200  1200  1200  1200
malin_head-834a-irel      -7.3  55.4  0.12  0.33  0.55     7    66   278    94
manila_a-370a-philip       121.0  14.6  0.32  0.46  0.64   975  1036  1117  1041
manta_b-089b-ecuador      -80.7 -0.9  0.29  0.46  0.64   244   534  1155   597
mantyluoto-007-finla       21.5  61.6 -0.40 -0.23 -0.06     0     0     1     0
manzanillo_a-395a-me      -104.3  19.1  0.32  0.48  0.65  1200  1200  1200  1200
marsden_point-398a-n       174.5 -35.8  0.35  0.54  0.75   656   974  1461  1012
marviken-012-sweden-       16.8  58.6 -0.09  0.17  0.43     0    22   212    52
massacre_bay,ak-550a       173.2  52.8  0.25  0.44  0.65  1200  1200  1200  1200
matarani_b-094b-peru      -72.1 -17.0  0.28  0.43  0.61  1200  1200  1200  1200
matsuyama-matsuyama-       132.7  33.9  0.27  0.48  0.72    50   246  1166   376
mayport,fl-753a-usa-      -81.4  30.4  0.36  0.57  0.78  1200  1200  1200  1200
mazatlan-673a-mexico      -106.4  23.2  0.32  0.47  0.64  1200  1200  1200  1200
mera-mera-japan-jma        139.8  34.9  0.28  0.48  0.70   202   507  1379   615
midway-050a-usa_trus      -177.4  28.2  0.36  0.56  0.78    20    93   585   166
millport-p049-uk-bod      -4.9  55.7  0.10  0.30  0.50     1     8    27    10
misumi-misumi-japan-       130.4  32.6  0.30  0.49  0.70   791  1002  1279  1019
miyakejima-357a-japa       139.5  34.1  0.28  0.48  0.70    42   165   713   242
miyako-miyako-japan-       142.0  39.6  0.27  0.48  0.73  1200  1200  1200  1200
mokuoloe-061a-usa-uh      -157.8  21.4  0.34  0.51  0.71  1200  1200  1200  1200
montauk,ny-279a-usa-      -72.0  41.0  0.35  0.60  0.87     8    50   345    97
monterey,ca-555a-usa      -121.9  36.6  0.30  0.47  0.66  1200  1200  1200  1200
mossel_bay-185a-sout       22.1 -34.2  0.35  0.52  0.72   365   757  1573   841
murotomisaki-murotom       134.2  33.3  0.29  0.45  0.64     5    20    83    29
nagasaki-nagasaki-ja       129.9  32.7  0.30  0.49  0.70   759   923  1135   933
nagoya-nagoya-japan-       136.9  35.1  0.31  0.46  0.64     9    33   129    47
naha-naha-japan-jma        127.7  26.2  0.34  0.53  0.76   710   898  1155   912
nakano_shima-345a-ja       129.8  29.8  0.33  0.52  0.74   215   430   910   485
nantes_usine_brulee-      -1.6  47.2  0.28  0.43  0.60    49   166   465   201
nantucketisland-8449      -70.1  41.3  0.25  0.55  0.87    20   153  1251   321
napier-668a-new_zeal       176.9 -39.5  0.34  0.51  0.69  1200  1200  1200  1200
napoli-napoli-italy-       14.3  40.8  0.31  0.42  0.54  1070  1070  1070  1070
nauru-nauru-glossdm-       166.9 -0.5  0.35  0.53  0.73  1200  1200  1200  1200
nawiliwili-058a-usa-      -159.3  22.0  0.34  0.51  0.72  1200  1200  1200  1200
naze-359a-japan-uhsl       129.5  28.4  0.33  0.53  0.76   872   935  1008   938
neah_bay,wa-558a-usa      -124.6  48.4  0.23  0.39  0.56    21    88   297   114
new_london,ct-744a-u      -72.1  41.4  0.33  0.60  0.88     4    16    78    26
new_york,ny-745a-usa      -74.0  40.7  0.33  0.61  0.91     8    59   442   122
newhaven-p011-uk-bod       0.1  50.8  0.27  0.40  0.53    49   142   339   163
newlyn,_cornwall-294      -5.5  50.1  0.30  0.45  0.62   150   416   903   458
newport,ri-253a-usa-      -71.3  41.5  0.25  0.55  0.87    82   385  1594   548
newport-p057-uk-bodc      -3.0  51.5  0.30  0.42  0.56    90   175   295   182
nishinoomote-363a-ja       131.0  30.7  0.31  0.51  0.73   805   881   989   888
nome,ak-595a-usa-uhs      -165.4  64.5  0.30  0.44  0.60     0     3     9     3
noumea_a-019a-france       166.4 -22.3  0.36  0.53  0.72  1200  1200  1200  1200
nuku_alofa-038a-tong      -175.2 -21.1  0.36  0.53  0.72  1200  1200  1200  1200
ny_alesund-823a-norw       11.9  78.9 -0.57 -0.28  0.01     0     0     1     1
ofunato-ofunato-japa       141.8  39.0  0.29  0.43  0.60  1156  1355  1624  1372
okada-okada-japan-jm       139.4  34.8  0.28  0.48  0.70  1200  1200  1200  1200
olandsnorraudde-013-       17.1  57.4 -0.09  0.17  0.43     0     8    77    19
omaezaki-omaezaki-ja       138.2  34.6  0.29  0.44  0.62   217   461  1053   529
onahama-onahama-japa       140.9  36.9  0.29  0.44  0.62   595   946  1588  1008
osaka-osaka-japan-jm       135.4  34.6  0.30  0.46  0.64     4    12    37    15
oskarshamn-014-swede       16.5  57.3 -0.00  0.26  0.52     1    27   216    55
oslo-004-norway-stat       10.7  59.9 -0.09  0.13  0.34     0     3    16     5
otranto-otranto-ital       18.5  40.1  0.29  0.40  0.52   595   595   595   595
oulu-008-finland-fmi       25.4  65.0 -0.70 -0.42 -0.14     0     0     1     0
oura-oura-japan-jma        130.2  33.0  0.30  0.49  0.70    57   224   751   290
owase-owase-japan-jm       136.2  34.1  0.31  0.46  0.64    36   144   684   221
pago_pago-056a-usa_t      -170.7 -14.3  0.34  0.51  0.71  1200  1200  1200  1200
paita_b-678b-peru-uh      -81.2 -5.1  0.30  0.46  0.65  1156  1344  1586  1357
palinuro-palinuro-it       15.3  40.0  0.32  0.43  0.55  1092  1092  1092  1092
papeete_b-015b-frenc      -149.6 -17.5  0.33  0.49  0.68  1149  1149  1149  1149
penang-144a-malaysia       100.3  5.4  0.31  0.45  0.62  1200  1200  1200  1200
penrhyn-024a-cook_is      -158.1 -9.0  0.34  0.51  0.70   947   947   947   947
pensacola,fl-762a-us      -87.2  30.4  0.37  0.57  0.78     2     6    17     8
philadelphia_pier9n_      -75.1  39.9  0.40  0.65  0.93     8    51   350   103
pietarsaari-009-finl       22.7  63.7 -0.58 -0.36 -0.15     0     0     0     0
pisco_b-683b-peru-uh      -76.1 -13.4  0.29  0.42  0.58  1200  1200  1200  1200
pohnpei_b-001b-fd._s       158.2  7.0  0.36  0.53  0.72  1200  1200  1200  1200
port_angeles,_wa-584      -123.4  48.1  0.23  0.39  0.56    13    66   252    91
port_elizabeth-184a-       25.6 -34.0  0.36  0.54  0.74   857  1174  1634  1206
port_hedland-169a-au       118.6 -20.3  0.34  0.51  0.71   102   290   679   329
portisabel-8779770-u      -97.2  26.1  0.37  0.54  0.74     2     7    22     9
port_kembla-342a-aus       150.9 -34.5  0.36  0.53  0.72  1200  1200  1200  1200
port_louis_c-103c-ma       57.5 -20.2  0.34  0.54  0.76   939   939   939   939
port_nolloth-701a-so       16.9 -29.2  0.36  0.51  0.70  1200  1200  1200  1200
portsanluis-9412110-      -120.8  35.2  0.30  0.46  0.65  1462  1508  1559  1509
port_tudy-port_tudy-      -3.4  47.6  0.30  0.41  0.54    95   220   455   241
port_vendres-port_ve       3.1  42.5  0.32  0.43  0.55   566   566   566   566
port_vila_b-046b-van       168.3 -17.8  0.35  0.52  0.73  1200  1200  1200  1200
porterin-p919-uk-bod      -4.8  54.1  0.17  0.34  0.53     5    31   111    42
portland,me-252a-usa      -70.2  43.7  0.09  0.42  0.76    20   262  1391   423
portland,s.aus.-129a       141.6 -38.3  0.34  0.48  0.64  1161  1161  1161  1161
portpatrick-p063-uk-      -5.1  54.8  0.17  0.36  0.56     5    32   129    45
portrush-p935-uk-bod      -6.7  55.2  0.10  0.31  0.52     4    54   282    87
portsmouth-p008-uk-b      -1.1  50.8  0.28  0.41  0.55    67   218   568   255
prince_rupert_b-540b      -130.3  54.3  0.02  0.17  0.33     1    21    91    30
providence_statepier      -71.4  41.8  0.25  0.55  0.87     6    48   392   106
prudhoe_bay,_ak-579a      -148.5  70.4  0.19  0.47  0.76     3    28   172    50
pt._la_rue-121a-seyc       55.5 -4.7  0.35  0.54  0.74  1200  1200  1200  1200
puerto_angel-672a-me      -96.5  15.7  0.32  0.48  0.66  1200  1200  1200  1200
puerto_cortes-780a-h      -88.0  15.8  0.33  0.48  0.65   791   791   791   791
puerto_montt-684a-ch      -73.0 -41.5  0.22  0.33  0.47    56   132   278   145
puertowilliams,chile      -67.6 -54.9  0.28  0.41  0.57    14    53   188    71
quepos,costarica-que      -84.2  9.4  0.31  0.45  0.62  1200  1200  1200  1200
raahe-010-finland-fm       24.4  64.7 -0.69 -0.42 -0.16     0     0     0     0
rabaul-010a-papua_ne       152.2 -4.2  0.33  0.50  0.70  1200  1200  1200  1200
rarotonga,cookisland      -159.8 -21.2  0.35  0.51  0.70   139   343  1136   456
ratan-015-sweden-smh       20.9  64.0 -0.59 -0.39 -0.18     0     0     1     0
rauma-011-finland-fm       21.4  61.1 -0.26 -0.06  0.14     0     0     9     2
reedypoint-8551910-u      -75.6  39.6  0.40  0.65  0.93   161   519  1819   700
reykjavik-reykjavik-      -21.9  64.2 -0.21  0.03  0.26     0     2    78    16
rikitea-016a-french_      -135.0 -23.1  0.31  0.47  0.66  1200  1200  1200  1200
ringhals-016-sweden-       12.1  57.2 -0.01  0.22  0.46     0     6    30     9
rockport,_tx-769a-us      -97.0  28.0  0.37  0.54  0.74     3    10    37    14
rodrigues-105a-mauri       63.4 -19.7  0.34  0.53  0.75   489   706  1102   746
roervik-005-norway-s       11.2  64.9 -0.09  0.12  0.33     0     3    16     5
roscoff-roscoff-fran      -4.0  48.7  0.30  0.45  0.62    29    78   176    87
rosslyn_bay-330a-aus       150.8 -23.2  0.35  0.52  0.71   643   989  1468  1017
s.cruz_d._palma_b-20      -17.8  28.7  0.34  0.51  0.70  1200  1200  1200  1200
sabine_pass_n,tx-766      -93.9  29.7  0.36  0.55  0.76     0     2     7     3
saigo-saigo-japan-jm       133.3  36.2  0.29  0.48  0.71   893   893   893   893
saint_gildas-saint_g      -2.2  47.1  0.28  0.43  0.60    23    77   206    90
saint_malo-saint_mal      -2.0  48.6  0.29  0.42  0.55   143   254   402   261
saipan_b-028b-n._mar       145.7  15.2  0.33  0.52  0.74    11    46   527   117
sakai-sakai-japan-jm       133.2  35.5  0.32  0.46  0.64   510   621   779   631
salalah-114a-oman-uh       54.0  16.9  0.28  0.45  0.65  1200  1200  1200  1200
salina_cruz-394a-mex      -95.2  16.2  0.32  0.47  0.66  1200  1200  1200  1200
san_diego-569a-usa-u      -117.2  32.7  0.24  0.41  0.61  1243  1365  1516  1371
san_felix-035a-chile      -80.1 -26.3  0.30  0.45  0.62  1200  1200  1200  1200
san_francisco,ca-551      -122.5  37.8  0.25  0.43  0.62   166   513  1503   635
san_jose-675a-guatem      -90.8  13.9  0.32  0.48  0.67  1200  1200  1200  1200
san_juan,pr-245a-usa      -66.1  18.5  0.34  0.50  0.69  1200  1200  1200  1200
san_juan_a-096a-peru      -75.2 -15.4  0.29  0.44  0.62  1200  1200  1200  1200
sand_point,ak-574a-u      -160.5  55.3  0.23  0.44  0.67    24   152   610   212
sandyhook-8531680-us      -74.0  40.5  0.33  0.61  0.91     7    43   284    82
santa_cruz-030a-ecua      -90.3 -0.8  0.34  0.50  0.69  1200  1200  1200  1200
santa_monica,_ca-578      -118.5  34.0  0.19  0.37  0.57   489   861  1439   906
santander-sant-spain      -3.8  43.5  0.27  0.40  0.54   214   478   904   508
seattle-9447130-usa-      -122.3  47.6  0.23  0.39  0.56    30   139   518   190
sedili-324a-malaysia       104.1  1.9  0.34  0.48  0.65   148   398  1070   477
seldovia-9455500-usa      -151.7  59.4  0.14  0.35  0.57     9    57   186    73
seward_c,ak-560c-usa      -149.4  60.1  0.16  0.34  0.54    11    65   238    88
sewellspoint,hampton      -76.3  36.9  0.43  0.66  0.91     4    13    43    17
shanwei-641a-china-u       115.3  22.8  0.30  0.45  0.63    84   307  1051   403
shijiusuo-642a-china       119.5  35.4  0.23  0.46  0.71    22   157   770   243
shimizuminato-shimiz       138.5  35.0  0.29  0.44  0.62   337   606  1183   670
shirahama-shirahama-       135.4  33.7  0.30  0.46  0.64   339   579  1022   622
simon_s_town-221a-so       18.4 -34.2  0.36  0.52  0.71  1200  1200  1200  1200
simrishamn-017-swede       14.4  55.6  0.09  0.33  0.58     6    68   331   104
sitka,ak-559a-usa-uh      -135.3  57.1  0.22  0.37  0.54    17    68   218    87
skagsudde-018-sweden       19.0  63.2 -0.53 -0.35 -0.16     0     0     1     0
skagway-9452400-usa-      -135.3  59.5  0.05  0.24  0.45     2    29   122    41
skanor-019-sweden-sm       12.8  55.4  0.11  0.38  0.66     1    11    59    18
smogen-020-sweden-sm       11.2  58.4 -0.09  0.13  0.34     0     6    48    13
solomonsisland_biol.      -76.5  38.3  0.44  0.65  0.88  1075  1075  1075  1075
south_beach,or-592a-      -124.0  44.6  0.32  0.47  0.63    51   168   508   210
spikarna-021-sweden-       17.5  62.4 -0.53 -0.34 -0.15     0     0     0     0
spring_bay-335a-aust       147.9 -42.5  0.33  0.52  0.73  1200  1200  1200  1200
springmaidpier-86610      -78.9  33.7  0.35  0.57  0.81   309   738  1673   839
st.johns,canada-st.j      -52.7  47.6  0.33  0.58  0.82   295   718  1596   809
st._petersburg,_fl-7      -82.6  27.8  0.38  0.57  0.78     8    34   218    66
stenungsund-022-swed       11.8  58.1 -0.01  0.22  0.46     1    13    77    22
steveston,bc-07607-c      -123.2  49.1  0.23  0.39  0.56     7    34   126    46
sthelier-p074-uk-bod      -2.1  49.2  0.29  0.42  0.55   168   294   456   301
stockholm-826a-swede       18.1  59.3 -0.16  0.09  0.34     0     4    71    15
stornoway-p042-uk-bo      -6.4  58.2  0.10  0.32  0.54     9    97   371   130
sumoto-sumoto-japan-       134.9  34.4  0.29  0.45  0.64    40   165   721   242
surabaya-160a-indone       112.7 -7.2  0.35  0.50  0.68  1200  1200  1200  1200
suva,fiji-suva,fiji-       178.4 -18.1  0.34  0.51  0.71  1200  1200  1200  1200
syowa,_antarctica-12       39.6 -69.0  0.24  0.42  0.63  1185  1398  1698  1415
takamatsu-takamatsu-       134.1  34.4  0.29  0.45  0.64    16    77   461   136
talara_b-092b-peru-u      -81.3 -4.6  0.29  0.46  0.64   838  1111  1486  1134
tanjong_pagar-699a-s       103.9  1.3  0.34  0.48  0.65   665  1014  1576  1059
tannowa-tannowa-japa       135.2  34.3  0.30  0.46  0.64    58   209   769   286
taranaki-076a-new_ze       174.0 -39.0  0.33  0.47  0.63     2     7    16     8
tarawa_d,betio-002d-       172.9  1.4  0.35  0.52  0.72  1200  1200  1200  1200
tarifa-tari-spain-ie      -5.6  36.0  0.27  0.37  0.48  1200  1200  1200  1200
tauranga-073a-new_ze       176.2 -37.6  0.33  0.49  0.66  1200  1200  1200  1200
tawau-385a-malaysia-       117.9  4.2  0.33  0.47  0.64  1200  1200  1200  1200
tenerife-tenerife-sp      -16.2  28.5  0.34  0.51  0.69  1200  1200  1200  1200
thevenard-128a-austr       133.6 -32.1  0.33  0.49  0.68    36   131   406   165
tioman-323a-malaysia       104.1  2.8  0.34  0.49  0.65   143   406  1066   480
toba-toba-japan-jma        136.8  34.5  0.31  0.46  0.64    36   150   703   227
tobermory-p223-uk-bo      -6.1  56.6  0.09  0.31  0.53     3    27   118    39
tofino-542a-canada-u      -125.9  49.1  0.18  0.34  0.51    10    43   159    58
tokyo-tokyo-japan-jm       139.8  35.6  0.27  0.48  0.71    10    56   457   120
tosashimizu-tosashim       133.0  32.8  0.27  0.48  0.72     4    17    88    28
townsville-334a-aust       146.8 -19.2  0.35  0.50  0.67   125   329   775   376
toyama-toyama-japan-       137.2  36.8  0.30  0.45  0.61   771   771   771   771
tregde-804a-norway-u       7.6  58.0  0.10  0.33  0.56     6    78   521   142
trieste-270061-italy       13.8  45.6  0.24  0.35  0.47    14    44   130    54
tumaco-303a-colombia      -78.7  1.8  0.29  0.42  0.57   194   462   980   509
turku-012-finland-fm       22.1  60.4 -0.26 -0.06  0.14     0     0    11     2
uchiura-uchiura-japa       138.9  35.0  0.29  0.44  0.62   458   721  1171   764
ullapool-p043-uk-bod      -5.2  57.9  0.08  0.30  0.51     5    50   211    71
uno-uno-japan-jma          133.9  34.5  0.32  0.46  0.64    20    81   392   130
uragami-uragami-japa       135.9  33.6  0.30  0.46  0.64    25   107   569   172
uwajima-uwajima-japa       132.6  33.2  0.27  0.48  0.72   215   511  1250   600
vaasa-013-finland-fm       21.6  63.1 -0.59 -0.38 -0.18     0     0     0     0
valdez,ak-562a-usa-u      -146.4  61.1  0.10  0.28  0.48     6    48   205    69
valencia-valencia-sp      -0.3  39.5  0.33  0.44  0.57   556   556   556   556
valparaiso-081a-chil      -71.6 -33.0  0.27  0.40  0.54  1200  1200  1200  1200
varberg1-024-sweden-       12.2  57.1  0.07  0.33  0.60     5    76   392   120
venezia-punta_salute       12.4  45.4  0.24  0.35  0.47    12    39   114    48
victoria,bc-543a-can      -123.4  48.4  0.23  0.39  0.56    28   123   439   165
vigo-vigo-spain-ieo       -8.7  42.2  0.29  0.45  0.63    67   240   666   289
visby-026-sweden-smh       18.3  57.6 -0.09  0.18  0.46     3    41   232    69
wakayama-wakayama-ja       135.2  34.2  0.30  0.46  0.64    54   201   789   281
wake-051a-usa_trust-       166.6  19.3  0.33  0.52  0.75   476   776  1344   829
wakkanai-wakkanai-ja       141.7  45.4  0.26  0.46  0.68  1020  1020  1020  1020
washingtondc-8594900      -77.0  38.9  0.44  0.65  0.88     3     8    22    10
wellington-071a-new_       174.8 -41.3  0.34  0.48  0.65  1200  1200  1200  1200
weymouth-p991-uk-bod      -2.4  50.6  0.30  0.42  0.56   106   327   860   386
whitby-p174-uk-bodc       -0.6  54.5  0.22  0.40  0.58     8    34   108    43
wick-p035-uk-bodc         -3.1  58.4  0.11  0.33  0.56     7    87   435   136
willapa_bay,_wa-564a      -124.0  46.7  0.28  0.45  0.63     9    31    90    38
willetspoint-8516990      -73.8  40.8  0.33  0.61  0.91     2     6    16     7
wilmington,nc-750a-u      -78.0  34.2  0.37  0.58  0.81   418   823  1653   912
wladyslawowo-wlad-po       18.4  54.8  0.03  0.30  0.57     1    21   160    42
woods_hole,ma-742a-u      -70.7  41.5  0.25  0.55  0.87     4    34   349    88
workington-p217-uk-b      -3.6  54.7  0.17  0.34  0.53     6    29    84    35
wyndham-165a-austral       128.1 -15.5  0.32  0.47  0.65   864  1241  1782  1277
xiamen-376a-china-uh       118.1  24.4  0.30  0.48  0.69    21    82   276   108
yakutat-9453220-usa-      -139.7  59.5  0.05  0.26  0.47     2    27   148    45
yap_b-008b-fd._st._m       138.1  9.5  0.35  0.53  0.73   396   699  1395   780
yokohama-yokohama-ja       139.6  35.5  0.27  0.48  0.71    45   213  1140   346
ystad-027-sweden-smh       13.8  55.4  0.09  0.33  0.58     5    73   326   106
zanzibar-151a-tanzan       39.2 -6.2  0.36  0.50  0.66   883  1129  1439  1144
zhapo_a-635a-china-u       111.8  21.6  0.29  0.47  0.67    46   207   750   279
burrulus_tide              31.0  31.6  0.31  0.42  0.55     7    34   179    56
lautoka_fiji_uhslc         177.4 -17.6  0.35  0.52  0.72  1200  1200  1200  1200
