name                        lon   lat  loc  scl_05 scl_50 scl_95 shp_05 shp_50 shp_95
abashiri-abashiri-ja       144.3  44.0  0.67  0.10  0.11   0.11 -0.12 -0.08  -0.04
aburatsu-aburatsu-ja       131.4  31.6  0.92  0.11  0.12   0.13 -0.09 -0.03   0.02
acajutla_a-082a-el_s      -89.8  13.6  1.09  0.13  0.15   0.16 -0.37 -0.32  -0.28
acapulco_a,gro.-316a      -99.9  16.8  0.47  0.06  0.07   0.07 -0.12 -0.08  -0.04
adak,alaska-040a-usa      -176.6  51.9  0.84  0.13  0.15   0.16 -0.27 -0.21  -0.16
alameda_navalairstat      -122.3  37.8  1.16  0.12  0.13   0.14 -0.22 -0.17  -0.13
alertbay,bc-08280-ca      -126.9  50.6  2.09  0.24  0.27   0.29 -0.30 -0.25  -0.19
algeciras-alge-spain      -5.4  36.1  0.54  0.06  0.07   0.07  0.07  0.11   0.15
anchorage-9455920-us      -149.9  61.2  4.56  0.42  0.45   0.49 -0.47 -0.43  -0.39
ancona-ancona-italy-       13.5  43.6  0.44  0.09  0.12   0.14 -0.00  0.14   0.29
annapolis_navalacade      -76.5  39.0  0.48  0.09  0.10   0.10  0.02  0.08   0.14
antofagasta-080a-chi      -70.4 -23.6  0.72  0.09  0.10   0.10 -0.27 -0.24  -0.20
apia_b-401b-western_      -171.8 -13.8  0.60  0.08  0.09   0.11 -0.50 -0.42  -0.33
arrecife-arre-spain-      -13.5  29.0  1.29  0.19  0.20   0.22 -0.44 -0.40  -0.36
astoria,or-572a-usa-      -123.8  46.2  1.55  0.19  0.21   0.22 -0.22 -0.19  -0.15
atlantic_city-264a-u      -74.4  39.4  0.98  0.15  0.15   0.16 -0.11 -0.08  -0.05
ayukawa-ayukawa-japa       141.5  38.3  0.63  0.07  0.08   0.09 -0.14 -0.11  -0.07
bahia_los_angeles-31      -113.5  29.0  1.39  0.20  0.23   0.26 -0.48 -0.40  -0.33
balboa-302a-panama-u      -79.6  9.0  2.50  0.33  0.33   0.34 -0.45 -0.44  -0.44
baltimore-8574680-us      -76.6  39.3  0.53  0.09  0.09   0.10  0.06  0.11   0.16
baltra_b-003b-ecuado      -90.3 -0.4  1.05  0.13  0.14   0.16 -0.36 -0.28  -0.21
bangor-p662-uk-bodc       -5.7  54.7  1.61  0.16  0.18   0.19  0.04  0.11   0.17
barcelona-barcelona-       2.2  41.3  0.29  0.09  0.11   0.12 -0.40 -0.30  -0.20
barharbor,frenchmanb      -68.2  44.4  2.05  0.21  0.22   0.23 -0.28 -0.25  -0.22
bari-bari-italy-idro       16.9  41.1  0.37  0.08  0.10   0.11 -0.30 -0.20  -0.11
barmouth-p923-uk-bod      -4.0  52.7  2.48  0.33  0.37   0.41 -0.34 -0.28  -0.23
bayonne_boucau-bayon      -1.5  43.5  1.84  0.23  0.25   0.27 -0.39 -0.35  -0.30
beihai-636a-china-uh       109.1  21.5  2.31  0.22  0.25   0.28 -0.25 -0.20  -0.14
bermuda,st.georgesis      -64.7  32.4  0.62  0.08  0.09   0.09 -0.19 -0.13  -0.07
bilbao-bilbao-spain-      -3.0  43.4  1.94  0.27  0.31   0.34 -0.61 -0.53  -0.45
bintulu-387a-malaysi       113.1  3.2  0.76  0.09  0.11   0.13 -0.23 -0.13  -0.03
bonanza-bonanza-spai      -6.3  36.8  1.48  0.18  0.21   0.23 -0.26 -0.21  -0.16
booby_island-336a-au       141.9 -10.6  1.54  0.21  0.23   0.26 -0.32 -0.26  -0.21
boston,ma-741a-usa-u      -71.1  42.4  1.84  0.19  0.20   0.21 -0.17 -0.15  -0.13
brest-822a-france-uh      -4.5  48.4  3.06  0.38  0.39   0.41 -0.38 -0.37  -0.35
bridgeport-8467150-u      -73.2  41.2  1.37  0.15  0.16   0.17 -0.06 -0.02   0.02
brisbane-331a-austra       153.2 -27.4  1.20  0.14  0.16   0.17 -0.39 -0.33  -0.27
broome-166a-australi       122.2 -18.0  4.12  0.51  0.57   0.63 -0.57 -0.51  -0.44
buenaventura-085a-co      -77.1  3.9  2.15  0.24  0.26   0.28 -0.40 -0.37  -0.34
buenos_aires-285a-ar      -58.5 -34.7  1.46  0.28  0.30   0.32 -0.11 -0.07  -0.03
bundaberg-332a-austr       152.4 -24.8  1.46  0.19  0.21   0.23 -0.43 -0.36  -0.30
burnie-344a-australi       145.9 -41.0  1.46  0.13  0.15   0.16 -0.30 -0.24  -0.17
cabo_san_lucas-034a-      -109.9  22.9  0.83  0.11  0.12   0.14 -0.42 -0.36  -0.29
cadiz-cadi-spain-ieo      -6.3  36.5  1.59  0.20  0.22   0.24 -0.36 -0.32  -0.28
cagliari-cagliari-it       9.1  39.2  0.25  0.05  0.06   0.06 -0.14 -0.06   0.01
callao_b-093b-peru-u      -77.2 -12.1  0.53  0.07  0.08   0.09 -0.30 -0.25  -0.21
cambridgeii-8571892-      -76.1  38.6  0.54  0.09  0.10   0.11 -0.06  0.00   0.06
cananeia-281a-brazil      -47.9 -25.0  0.87  0.13  0.14   0.15 -0.03 -0.01   0.02
cape_ferguson-343a-a       147.1 -19.3  1.52  0.22  0.24   0.27 -0.32 -0.24  -0.17
capemay-8536110-usa-      -75.0  39.0  1.10  0.13  0.14   0.15 -0.10 -0.05  -0.00
cape_town-704a-south       18.4 -33.9  0.85  0.12  0.14   0.15 -0.27 -0.21  -0.14
carloforte-carlofort       8.3  39.1  0.24  0.04  0.05   0.06 -0.22 -0.10   0.02
carnarvon-167a-austr       113.7 -24.9  0.76  0.10  0.11   0.12 -0.17 -0.10  -0.04
cartagena-265a-colom      -75.5  10.4  0.29  0.04  0.04   0.05 -0.23 -0.18  -0.13
cascais-209a-portuga      -9.4  38.7  1.53  0.19  0.21   0.23 -0.36 -0.31  -0.26
catania-catania-ital       15.1  37.5  0.23  0.04  0.04   0.05  0.05  0.14   0.23
cendering-320a-malay       103.2  5.3  1.19  0.15  0.17   0.19 -0.26 -0.19  -0.11
ceuta-ceta-spain-ieo      -5.3  35.9  0.52  0.07  0.08   0.08 -0.22 -0.18  -0.13
charchanga-138a-bang       91.0  22.2  1.96  0.24  0.29   0.33 -0.20 -0.08   0.03
charleston,or-575a-u      -124.3  43.3  1.37  0.17  0.18   0.20 -0.23 -0.17  -0.11
charleston,sc-261a-u      -79.9  32.8  1.10  0.12  0.12   0.13 -0.06 -0.04  -0.02
charlotte_amalie-255      -64.9  18.3  0.23  0.03  0.03   0.04  0.03  0.10   0.16
chesapeake_bbt-749a-      -76.1  37.0  0.72  0.13  0.14   0.16 -0.04  0.04   0.13
chichijima-chichijim       142.2  27.1  0.56  0.07  0.08   0.09 -0.08  0.01   0.09
choshigyoko-choshigy       140.9  35.8  0.63  0.08  0.08   0.09 -0.06 -0.00   0.05
christmas_b-011b-rep      -157.5  2.0  0.47  0.06  0.06   0.07 -0.23 -0.17  -0.12
churchill-274a-canad      -94.2  58.8  2.05  0.18  0.19   0.21 -0.15 -0.09  -0.04
truk,fed.micronesia-       151.8  7.5  0.47  0.05  0.06   0.06 -0.15 -0.10  -0.06
ciudad_del_carmen-77      -91.8  18.5  0.44  0.10  0.13   0.16 -0.32 -0.17  -0.03
cocos-171a-australia       96.9 -12.1  0.69  0.09  0.10   0.11 -0.27 -0.21  -0.15
cordemais-cordemais-      -1.9  47.3  2.64  0.24  0.26   0.28 -0.38 -0.33  -0.28
cordova_b,alaska-583      -145.8  60.6  2.28  0.28  0.30   0.32 -0.31 -0.26  -0.22
corpus_cristi,tx-770      -97.2  27.6  0.50  0.08  0.10   0.12  0.01  0.16   0.31
la_coruna-830a-spain      -8.4  43.4  1.78  0.24  0.25   0.27 -0.37 -0.34  -0.32
cox_s_bazaar-136a-ba       91.8  21.4  1.72  0.21  0.24   0.27 -0.26 -0.19  -0.12
crescent_city,ca-556      -124.2  41.7  1.24  0.15  0.17   0.18 -0.18 -0.14  -0.10
cristobal-266a-panam      -79.9  9.4  0.28  0.04  0.04   0.04 -0.11 -0.08  -0.05
cuxhaven-cuxhaven-ge       8.7  53.9  2.01  0.41  0.44   0.47 -0.05  0.00   0.05
darwin-168a-australi       130.8 -12.5  3.16  0.36  0.39   0.42 -0.56 -0.51  -0.46
degerby-001-finland-       20.4  60.0  0.51  0.11  0.14   0.17 -0.39 -0.26  -0.13
delfzijl-del-nl-rws        6.9  53.3  1.86  0.36  0.40   0.44 -0.03  0.04   0.12
denhelder-hel-nl-rws       4.7  53.0  1.21  0.31  0.35   0.38 -0.15 -0.08  -0.01
devonport-p002-uk-bo      -4.2  50.4  2.22  0.23  0.26   0.28 -0.37 -0.31  -0.24
dieppe-dieppe-france       1.1  49.9  4.42  0.52  0.52   0.52 -0.63 -0.62  -0.61
donges-donges-france      -2.1  47.3  2.51  0.28  0.31   0.33 -0.32 -0.27  -0.21
dongfang-637a-china-       108.6  19.1  1.39  0.14  0.16   0.19 -0.31 -0.21  -0.11
duck_pier,nc-260a-us      -75.7  36.2  0.84  0.13  0.14   0.15 -0.11 -0.04   0.02
dunkerque-dunkerque-       2.4  51.0  2.88  0.22  0.24   0.26 -0.18 -0.14  -0.10
durban,southafrica-d       31.1 -29.9  0.97  0.11  0.13   0.14 -0.27 -0.21  -0.14
unalaska-9462620-usa      -166.5  53.9  0.77  0.14  0.16   0.18 -0.37 -0.29  -0.21
easter_c-022c-chile-      -109.4 -27.1  0.44  0.07  0.08   0.08 -0.03  0.03   0.09
eastport,me-740a-usa      -67.0  44.9  3.37  0.31  0.33   0.34 -0.34 -0.32  -0.30
enewetok_a-006a-rep.       162.4  11.4  0.71  0.08  0.09   0.10 -0.38 -0.32  -0.26
ensenada-317a-mexico      -116.6  31.9  1.05  0.15  0.17   0.18 -0.46 -0.41  -0.35
esbjerg-130121-denma       8.4  55.5  1.45  0.42  0.46   0.50 -0.14 -0.08  -0.02
esmeraldas-098a-ecua      -79.6  1.0  1.61  0.19  0.21   0.23 -0.40 -0.34  -0.28
esperance-176a-austr       121.9 -33.9  0.64  0.11  0.12   0.14 -0.20 -0.12  -0.04
faraday-700a-united_      -64.3 -65.2  0.82  0.12  0.14   0.15 -0.22 -0.17  -0.12
felixstowe-p204-uk-b       1.3  52.0  1.85  0.20  0.22   0.24 -0.19 -0.13  -0.07
fishguard-p055-uk-bo      -5.0  52.0  2.22  0.30  0.32   0.35 -0.40 -0.36  -0.32
forsmark-003-sweden-       18.2  60.4  0.52  0.14  0.17   0.20 -0.21 -0.09   0.03
fort_denison-333a-au       151.2 -33.9  0.89  0.11  0.12   0.13 -0.23 -0.19  -0.15
fort_pulaski,ga-752a      -80.9  32.0  1.39  0.14  0.14   0.15 -0.18 -0.16  -0.14
freeport-8772440-usa      -95.3  28.9  0.50  0.08  0.09   0.10  0.10  0.18   0.26
fremantle-175a-austr       115.7 -32.0  0.54  0.12  0.13   0.15 -0.19 -0.13  -0.06
french_frigate_a-014      -166.3  23.9  0.35  0.05  0.06   0.07 -0.16 -0.10  -0.03
fukaura-fukaura-japa       139.9  40.6  0.34  0.06  0.07   0.08 -0.19 -0.12  -0.05
fukue-fukue-japan-jm       128.8  32.7  1.28  0.14  0.16   0.17 -0.36 -0.31  -0.25
fulfordharbour,bc-07      -123.5  48.8  1.29  0.18  0.20   0.22 -0.26 -0.20  -0.13
funafuti,tuvalu-funa       179.2 -8.5  0.98  0.10  0.12   0.13 -0.16 -0.08  -0.01
funchal_b-218b-portu      -16.9  32.6  1.09  0.14  0.16   0.18 -0.43 -0.36  -0.30
furuogrund-004-swede       21.2  64.9  0.66  0.12  0.14   0.17 -0.15 -0.03   0.09
galveston,pier_21-77      -94.8  29.3  0.47  0.08  0.09   0.10  0.17  0.23   0.31
gan-109a-rep._of_mal       73.2 -0.7  0.55  0.06  0.07   0.08 -0.36 -0.29  -0.22
gedser-837a-denmark-       11.9  54.6  0.60  0.20  0.22   0.24 -0.08 -0.04   0.01
geting-326a-malaysia       102.1  6.2  0.81  0.13  0.14   0.16 -0.22 -0.16  -0.10
gladstone-p234-uk-bo      -3.0  53.4  4.22  0.40  0.45   0.50 -0.36 -0.31  -0.25
goteborgtorshamnen-0       11.8  57.7  0.59  0.17  0.20   0.22 -0.20 -0.12  -0.04
grandisle-8761724-us      -90.0  29.3  0.40  0.06  0.07   0.08  0.25  0.39   0.54
groote_eylandt-145a-       136.4 -13.9  0.93  0.13  0.15   0.18 -0.07  0.06   0.19
guam-053a-usa_trust-       144.7  13.4  0.39  0.04  0.04   0.05 -0.05 -0.01   0.02
guaymas-397a-mexico-      -110.9  27.9  0.59  0.06  0.07   0.08 -0.28 -0.19  -0.10
hachinohe-hachinohe-       141.5  40.5  0.62  0.08  0.09   0.10 -0.21 -0.17  -0.13
haikou-638a-china-uh       110.3  20.0  1.00  0.11  0.12   0.14 -0.03  0.06   0.14
hakodate-hakodate-ja       140.7  41.8  0.48  0.08  0.09   0.09 -0.21 -0.17  -0.12
halifax-275a-canada-      -63.6  44.7  0.96  0.15  0.15   0.16 -0.15 -0.12  -0.09
hamada-hamada-japan-       132.1  34.9  0.45  0.07  0.08   0.09 -0.09 -0.01   0.07
hamina-002-finland-f       27.2  60.6  0.71  0.23  0.27   0.30 -0.25 -0.17  -0.09
hanasaki-hanasaki-ja       145.6  43.3  0.65  0.09  0.10   0.11 -0.13 -0.08  -0.03
hanko-003-finland-fm       23.0  59.8  0.55  0.13  0.15   0.18 -0.25 -0.16  -0.07
heimsjoe-001-norway-       9.1  63.4  1.27  0.18  0.20   0.21 -0.21 -0.15  -0.10
helsinki-004-finland       25.0  60.2  0.62  0.16  0.19   0.22 -0.25 -0.15  -0.05
heysham-p050-uk-bodc      -2.9  54.0  4.54  0.45  0.48   0.52 -0.28 -0.25  -0.22
hillarys-132a-austra       115.7 -31.8  0.54  0.11  0.13   0.15 -0.18 -0.10  -0.02
hilo,_hawaii-060a-us      -155.1  19.7  0.53  0.07  0.07   0.07 -0.11 -0.09  -0.06
hinkleypoint-p003-uk      -3.1  51.2  5.62  0.62  0.69   0.76 -0.60 -0.54  -0.47
hiron_point-134a-ban       89.5  21.8  1.44  0.14  0.16   0.18 -0.16 -0.08   0.01
hobart-339a-australi       147.3 -42.9  0.67  0.10  0.12   0.13 -0.20 -0.13  -0.06
hoekvanholla-hvh-nl-       4.1  52.0  1.43  0.26  0.28   0.31 -0.12 -0.06  -0.01
holyhead-p054-uk-bod      -4.6  53.3  2.50  0.28  0.31   0.33 -0.35 -0.30  -0.26
hong_kong_b-329b-chi       114.2  22.3  1.08  0.15  0.17   0.18 -0.15 -0.10  -0.04
honiara,solomonislan       160.0 -9.4  0.42  0.05  0.06   0.07 -0.45 -0.38  -0.31
honningsvaag-002-nor       26.0  71.0  1.30  0.16  0.18   0.20 -0.21 -0.15  -0.09
honolulu_b,hawaii-05      -157.9  21.3  0.45  0.06  0.06   0.07 -0.23 -0.20  -0.17
hornbaek-838a-denmar       12.5  56.1  0.65  0.21  0.23   0.25 -0.18 -0.13  -0.07
hosojima-358a-japan-       131.7  32.4  0.88  0.10  0.11   0.12 -0.08  0.00   0.08
humboldt_bay,_ca-576      -124.2  40.8  1.22  0.14  0.16   0.18 -0.29 -0.22  -0.15
ilha_fiscal,rj-280a-      -43.2 -22.9  0.72  0.11  0.11   0.12 -0.12 -0.08  -0.04
immingham-p026-uk-bo      -0.2  53.6  3.12  0.29  0.31   0.33 -0.17 -0.14  -0.12
ishigaki-ishigaki-ja       124.2  24.3  0.85  0.11  0.12   0.13 -0.10 -0.04   0.02
johnston-052a-usa_tr      -169.5  16.7  0.51  0.07  0.08   0.08 -0.05 -0.01   0.04
johor_baharu-321a-ma       103.8  1.5  1.41  0.16  0.18   0.19 -0.32 -0.28  -0.23
juan_fernandez_b-021      -78.8 -33.6  0.68  0.10  0.10   0.11 -0.33 -0.28  -0.24
juneau-9452210-usa-n      -134.4  58.3  3.00  0.34  0.37   0.39 -0.27 -0.24  -0.21
kagoshima-kagoshima-       130.6  31.6  1.29  0.12  0.14   0.15 -0.10 -0.04   0.01
kahului-059a-usa-uhs      -156.5  20.9  0.49  0.06  0.06   0.07 -0.18 -0.16  -0.13
kalix-006-sweden-smh       23.1  65.7  0.75  0.17  0.20   0.23 -0.22 -0.13  -0.04
kanmen_a-632a-china-       121.3  28.1  2.70  0.23  0.25   0.28 -0.11 -0.06   0.00
kanton_b-013b-rep._o      -171.7 -2.8  0.59  0.07  0.07   0.08 -0.22 -0.17  -0.13
kaohsiung-340a-repub       120.3  22.6  0.60  0.08  0.09   0.10 -0.16 -0.08  -0.01
kapingamarangi-029a-       154.8  1.1  0.62  0.08  0.08   0.09 -0.23 -0.16  -0.09
kaskinen-005-finland       21.2  62.3  0.58  0.12  0.14   0.16 -0.17 -0.07   0.03
kawasaki-kawasaki-ja       139.8  35.5  0.80  0.08  0.09   0.10 -0.10 -0.01   0.09
keelung-341a-republi       121.7  25.2  0.54  0.07  0.07   0.08  0.00  0.08   0.17
kelang-140a-malaysia       101.4  3.0  2.13  0.28  0.31   0.34 -0.43 -0.37  -0.31
keling-141a-malaysia       102.2  2.2  1.10  0.12  0.14   0.15 -0.32 -0.25  -0.19
kemi-006-finland-fmi       24.5  65.7  0.79  0.18  0.21   0.25 -0.12 -0.02   0.09
kerguelen-180a-franc       70.2 -49.3  0.88  0.14  0.15   0.16 -0.43 -0.37  -0.31
ketchikan,ak-571a-us      -131.6  55.3  2.85  0.36  0.38   0.40 -0.39 -0.35  -0.32
key_west,fl-242a-usa      -81.8  24.6  0.42  0.06  0.06   0.07 -0.06 -0.04  -0.02
kinlochbervi-p918-uk      -5.1  58.5  2.16  0.26  0.29   0.32 -0.24 -0.19  -0.13
klagshamn-007-sweden       12.9  55.5  0.48  0.16  0.19   0.21 -0.15 -0.06   0.04
ko_lak-328a-thailand       99.8  11.8  1.05  0.16  0.18   0.20 -0.36 -0.29  -0.21
ko_taphao_noi-148a-t       98.4  7.8  1.32  0.15  0.17   0.19 -0.44 -0.38  -0.33
kobe-kobe-japan-jma        135.2  34.7  0.71  0.10  0.11   0.13 -0.05  0.02   0.08
kochi-kochi-japan-jm       133.6  33.5  0.87  0.10  0.11   0.12  0.00  0.07   0.13
kodiak_isl.,alaska-0      -152.5  57.7  1.67  0.20  0.22   0.24 -0.23 -0.18  -0.14
komatsushima-komatsu       134.6  34.0  0.82  0.11  0.12   0.13 -0.12 -0.05   0.02
kota_kinabalu-386a-m       116.1  6.0  0.88  0.11  0.12   0.14 -0.24 -0.18  -0.11
kuantan-322a-malaysi       103.4  4.0  1.45  0.17  0.19   0.21 -0.28 -0.21  -0.14
kuchinotsu-kuchinots       130.2  32.6  1.58  0.15  0.16   0.17 -0.26 -0.22  -0.18
kukup-325a-malaysia-       103.4  1.3  1.68  0.16  0.17   0.19 -0.41 -0.36  -0.32
kungsholmsfort-008-s       15.6  56.1  0.50  0.15  0.17   0.20 -0.31 -0.22  -0.12
kungsvik-009-sweden-       11.1  59.0  0.62  0.19  0.21   0.24 -0.25 -0.17  -0.09
kushimoto-kushimoto-       135.8  33.5  0.82  0.10  0.11   0.12 -0.19 -0.13  -0.08
kushiro-kushiro-japa       144.4  43.0  0.59  0.07  0.08   0.08 -0.06 -0.02   0.01
kwajalein-055a-rep._       167.7  8.7  0.86  0.12  0.12   0.12 -0.43 -0.43  -0.43
la_jolla,ca-554a-usa      -117.3  32.9  1.05  0.16  0.17   0.18 -0.43 -0.40  -0.37
la_libertad-091a-ecu      -80.9 -2.2  1.14  0.15  0.16   0.17 -0.33 -0.30  -0.27
la_paz-671a-mexico-u      -110.3  24.2  0.70  0.09  0.10   0.11 -0.35 -0.29  -0.24
la_union_a-086a-el_s      -87.8  13.3  1.60  0.19  0.21   0.24 -0.57 -0.50  -0.43
landsort1-011-sweden       17.9  58.7  0.48  0.09  0.12   0.14 -0.30 -0.17  -0.04
langkawi-142a-malays       99.8  6.4  1.43  0.16  0.17   0.19 -0.36 -0.32  -0.27
las_palmas-laspalmas      -15.4  28.1  1.18  0.17  0.19   0.21 -0.55 -0.46  -0.38
lautoka-402a-fiji-uh       177.4 -17.6  0.92  0.09  0.10   0.11 -0.19 -0.14  -0.08
le_conquet-le_conque      -4.8  48.4  3.00  0.38  0.41   0.44 -0.52 -0.47  -0.43
le_pellerin-le_pelle      -1.8  47.2  2.58  0.17  0.19   0.21 -0.02  0.02   0.07
legaspi-371a-philipp       123.8  13.2  0.85  0.09  0.10   0.11 -0.27 -0.23  -0.18
lerwick-p041-uk-bodc      -1.1  60.2  1.01  0.15  0.16   0.18 -0.24 -0.19  -0.14
lewes,de-747a-usa-uh      -75.1  38.8  0.99  0.13  0.14   0.15 -0.05 -0.00   0.05
lianyungang-639a-chi       119.4  34.8  2.35  0.23  0.26   0.28 -0.28 -0.22  -0.16
limetree_bay-254a-us      -64.8  17.7  0.21  0.02  0.03   0.03  0.07  0.17   0.26
lobos_de_afuera-084a      -80.7 -6.9  0.70  0.09  0.10   0.11 -0.20 -0.15  -0.10
lord_howe_b-399b-aus       159.1 -31.5  1.07  0.13  0.15   0.17 -0.25 -0.17  -0.10
los_angeles,ca-567a-      -118.3  33.7  1.08  0.16  0.16   0.17 -0.39 -0.37  -0.35
lowestoft-p024-uk-bo       1.8  52.5  1.15  0.21  0.23   0.24 -0.04  0.01   0.06
lumut-143a-malaysia-       100.6  4.2  1.23  0.15  0.17   0.18 -0.35 -0.29  -0.22
lusi_a-633a-china-uh       121.6  32.1  2.62  0.27  0.31   0.34 -0.14 -0.06   0.02
maaloey-003-norway-s       5.1  61.9  0.98  0.16  0.17   0.19 -0.24 -0.19  -0.13
magueyes_island,pr-2      -67.0  18.0  0.20  0.03  0.03   0.03  0.03  0.09   0.15
maisaka-maisaka-japa       137.6  34.7  0.63  0.07  0.08   0.09  0.19  0.30   0.42
maizuru-maizuru-japa       135.4  35.5  0.36  0.06  0.06   0.07 -0.15 -0.08  -0.01
majuro,marshallislan       171.4  7.1  0.92  0.12  0.13   0.14 -0.41 -0.36  -0.31
makurazaki-makurazak       130.3  31.3  1.17  0.11  0.12   0.14 -0.06 -0.01   0.05
malaga-mala-spain-ie      -4.4  36.7  0.38  0.07  0.08   0.08 -0.24 -0.18  -0.13
malakal_b-007b-repub       134.5  7.3  0.84  0.10  0.11   0.11 -0.33 -0.29  -0.26
male_b,hulule-108b-r       73.5  4.2  0.47  0.05  0.06   0.06 -0.29 -0.23  -0.17
malin_head-834a-irel      -7.3  55.4  1.71  0.25  0.27   0.29 -0.27 -0.24  -0.20
manila_a-370a-philip       121.0  14.6  0.84  0.12  0.13   0.15 -0.30 -0.22  -0.15
manta_b-089b-ecuador      -80.7 -0.9  1.32  0.14  0.17   0.19 -0.28 -0.22  -0.16
mantyluoto-007-finla       21.5  61.6  0.56  0.13  0.16   0.18 -0.25 -0.16  -0.06
manzanillo_a-395a-me      -104.3  19.1  0.49  0.08  0.08   0.09 -0.19 -0.12  -0.05
marsden_point-398a-n       174.5 -35.8  1.19  0.11  0.13   0.14 -0.19 -0.13  -0.07
marviken-012-sweden-       16.8  58.6  0.46  0.10  0.12   0.13 -0.29 -0.18  -0.07
massacre_bay,ak-550a       173.2  52.8  0.68  0.10  0.12   0.13 -0.36 -0.24  -0.12
matarani_b-094b-peru      -72.1 -17.0  0.65  0.08  0.09   0.10 -0.33 -0.24  -0.16
matsuyama-matsuyama-       132.7  33.9  1.59  0.14  0.15   0.16 -0.14 -0.11  -0.09
mayport,fl-753a-usa-      -81.4  30.4  0.97  0.10  0.11   0.11 -0.17 -0.14  -0.10
mazatlan-673a-mexico      -106.4  23.2  0.81  0.11  0.12   0.13 -0.32 -0.26  -0.20
mera-mera-japan-jma        139.8  34.9  0.66  0.08  0.09   0.09 -0.08 -0.03   0.02
midway-050a-usa_trus      -177.4  28.2  0.34  0.08  0.09   0.10 -0.02  0.06   0.14
millport-p049-uk-bod      -4.9  55.7  1.63  0.22  0.24   0.26 -0.13 -0.07  -0.01
misumi-misumi-japan-       130.4  32.6  1.86  0.18  0.19   0.21 -0.38 -0.33  -0.27
miyakejima-357a-japa       139.5  34.1  0.78  0.10  0.11   0.12 -0.10 -0.05   0.01
miyako-miyako-japan-       142.0  39.6  0.62  0.08  0.08   0.09 -0.20 -0.16  -0.12
mokuoloe-061a-usa-uh      -157.8  21.4  0.46  0.06  0.07   0.08 -0.28 -0.23  -0.18
montauk,ny-279a-usa-      -72.0  41.0  0.60  0.12  0.13   0.14 -0.02  0.04   0.09
monterey,ca-555a-usa      -121.9  36.6  1.00  0.13  0.14   0.15 -0.30 -0.25  -0.20
mossel_bay-185a-sout       22.1 -34.2  1.05  0.16  0.18   0.19 -0.27 -0.22  -0.17
murotomisaki-murotom       134.2  33.3  0.87  0.09  0.10   0.12 -0.00  0.07   0.13
nagasaki-nagasaki-ja       129.9  32.7  1.35  0.14  0.15   0.16 -0.29 -0.24  -0.18
nagoya-nagoya-japan-       136.9  35.1  1.12  0.12  0.13   0.14 -0.04  0.01   0.06
naha-naha-japan-jma        127.7  26.2  0.96  0.11  0.12   0.13 -0.16 -0.12  -0.07
nakano_shima-345a-ja       129.8  29.8  1.00  0.10  0.12   0.14 -0.17 -0.09  -0.01
nantes_usine_brulee-      -1.6  47.2  2.54  0.20  0.23   0.25 -0.29 -0.23  -0.16
nantucketisland-8449      -70.1  41.3  0.74  0.11  0.11   0.12 -0.05 -0.01   0.04
napier-668a-new_zeal       176.9 -39.5  0.91  0.11  0.13   0.14 -0.40 -0.32  -0.24
napoli-napoli-italy-       14.3  40.8  0.29  0.05  0.06   0.07 -0.25 -0.15  -0.05
nauru-nauru-glossdm-       166.9 -0.5  1.01  0.12  0.14   0.15 -0.27 -0.24  -0.20
nawiliwili-058a-usa-      -159.3  22.0  0.44  0.05  0.05   0.06 -0.05 -0.02   0.01
naze-359a-japan-uhsl       129.5  28.4  0.97  0.12  0.13   0.14 -0.20 -0.15  -0.10
neah_bay,wa-558a-usa      -124.6  48.4  1.47  0.20  0.22   0.23 -0.23 -0.19  -0.14
new_london,ct-744a-u      -72.1  41.4  0.65  0.11  0.12   0.12  0.05  0.10   0.14
new_york,ny-745a-usa      -74.0  40.7  1.02  0.14  0.14   0.15 -0.03  0.01   0.04
newhaven-p011-uk-bod       0.1  50.8  3.14  0.25  0.27   0.30 -0.32 -0.27  -0.22
newlyn,_cornwall-294      -5.5  50.1  2.42  0.28  0.28   0.28 -0.35 -0.35  -0.34
newport,ri-253a-usa-      -71.3  41.5  0.87  0.13  0.14   0.15 -0.12 -0.09  -0.06
newport-p057-uk-bodc      -3.0  51.5  6.07  0.66  0.74   0.83 -0.61 -0.54  -0.47
nishinoomote-363a-ja       131.0  30.7  1.00  0.12  0.13   0.14 -0.22 -0.17  -0.11
nome,ak-595a-usa-uhs      -165.4  64.5  0.95  0.24  0.31   0.38 -0.10  0.06   0.23
noumea_a-019a-france       166.4 -22.3  0.66  0.07  0.08   0.09 -0.25 -0.20  -0.14
nuku_alofa-038a-tong      -175.2 -21.1  0.72  0.07  0.08   0.09 -0.27 -0.20  -0.13
ny_alesund-823a-norw       11.9  78.9  0.77  0.11  0.12   0.14 -0.24 -0.18  -0.12
ofunato-ofunato-japa       141.8  39.0  0.62  0.08  0.08   0.09 -0.13 -0.08  -0.03
okada-okada-japan-jm       139.4  34.8  0.63  0.07  0.08   0.09 -0.15 -0.10  -0.05
olandsnorraudde-013-       17.1  57.4  0.50  0.13  0.15   0.18 -0.24 -0.12  -0.00
omaezaki-omaezaki-ja       138.2  34.6  0.75  0.09  0.10   0.11 -0.14 -0.08  -0.01
onahama-onahama-japa       140.9  36.9  0.61  0.08  0.08   0.09 -0.11 -0.07  -0.03
osaka-osaka-japan-jm       135.4  34.6  0.73  0.10  0.11   0.12  0.03  0.09   0.14
oskarshamn-014-swede       16.5  57.3  0.48  0.12  0.14   0.16 -0.24 -0.14  -0.03
oslo-004-norway-stat       10.7  59.9  0.68  0.20  0.22   0.25 -0.17 -0.11  -0.04
otranto-otranto-ital       18.5  40.1  0.32  0.08  0.10   0.13 -0.56 -0.41  -0.25
oulu-008-finland-fmi       25.4  65.0  0.76  0.21  0.25   0.29 -0.25 -0.14  -0.03
oura-oura-japan-jma        130.2  33.0  2.33  0.19  0.21   0.22 -0.23 -0.20  -0.16
owase-owase-japan-jm       136.2  34.1  0.78  0.09  0.10   0.11 -0.09 -0.02   0.05
pago_pago-056a-usa_t      -170.7 -14.3  0.56  0.07  0.08   0.08 -0.35 -0.31  -0.27
paita_b-678b-peru-uh      -81.2 -5.1  0.85  0.09  0.10   0.11 -0.21 -0.13  -0.05
palinuro-palinuro-it       15.3  40.0  0.29  0.06  0.07   0.08 -0.25 -0.14  -0.03
papeete_b-015b-frenc      -149.6 -17.5  0.20  0.03  0.03   0.04  0.04  0.12   0.20
penang-144a-malaysia       100.3  5.4  1.13  0.13  0.15   0.16 -0.35 -0.30  -0.26
penrhyn-024a-cook_is      -158.1 -9.0  0.23  0.03  0.04   0.04 -0.01  0.08   0.17
pensacola,fl-762a-us      -87.2  30.4  0.41  0.06  0.07   0.07  0.19  0.25   0.32
philadelphia_pier9n_      -75.1  39.9  1.19  0.11  0.12   0.13 -0.02  0.05   0.13
pietarsaari-009-finl       22.7  63.7  0.64  0.17  0.20   0.23 -0.34 -0.23  -0.12
pisco_b-683b-peru-uh      -76.1 -13.4  0.53  0.07  0.08   0.09 -0.17 -0.10  -0.03
pohnpei_b-001b-fd._s       158.2  7.0  0.68  0.07  0.08   0.09 -0.26 -0.22  -0.19
port_angeles,_wa-584      -123.4  48.1  1.17  0.15  0.18   0.20 -0.23 -0.13  -0.03
port_elizabeth-184a-       25.6 -34.0  0.93  0.12  0.13   0.15 -0.22 -0.16  -0.09
port_hedland-169a-au       118.6 -20.3  2.86  0.31  0.34   0.37 -0.37 -0.33  -0.28
portisabel-8779770-u      -97.2  26.1  0.41  0.05  0.06   0.07  0.15  0.28   0.41
port_kembla-342a-aus       150.9 -34.5  0.89  0.11  0.13   0.14 -0.33 -0.25  -0.17
port_louis_c-103c-ma       57.5 -20.2  0.38  0.06  0.07   0.08 -0.23 -0.12  -0.01
port_nolloth-701a-so       16.9 -29.2  0.91  0.14  0.15   0.16 -0.37 -0.32  -0.27
portsanluis-9412110-      -120.8  35.2  1.01  0.14  0.15   0.16 -0.31 -0.28  -0.25
port_tudy-port_tudy-      -3.4  47.6  2.16  0.26  0.28   0.30 -0.37 -0.32  -0.27
port_vendres-port_ve       3.1  42.5  0.34  0.10  0.12   0.14 -0.42 -0.29  -0.16
port_vila_b-046b-van       168.3 -17.8  0.60  0.07  0.08   0.09 -0.31 -0.23  -0.16
porterin-p919-uk-bod      -4.8  54.1  2.52  0.24  0.27   0.30 -0.24 -0.17  -0.11
portland,me-252a-usa      -70.2  43.7  1.79  0.20  0.20   0.21 -0.24 -0.22  -0.20
portland,s.aus.-129a       141.6 -38.3  0.61  0.12  0.14   0.16 -0.35 -0.25  -0.16
portpatrick-p063-uk-      -5.1  54.8  1.87  0.22  0.23   0.25 -0.18 -0.14  -0.10
portrush-p935-uk-bod      -6.7  55.2  1.07  0.19  0.21   0.23 -0.26 -0.18  -0.11
portsmouth-p008-uk-b      -1.1  50.8  1.92  0.18  0.20   0.23 -0.29 -0.22  -0.15
prince_rupert_b-540b      -130.3  54.3  2.96  0.36  0.39   0.41 -0.38 -0.34  -0.30
providence_statepier      -71.4  41.8  1.03  0.14  0.15   0.16 -0.05 -0.01   0.04
prudhoe_bay,_ak-579a      -148.5  70.4  0.53  0.13  0.17   0.21 -0.21 -0.04   0.13
pt._la_rue-121a-seyc       55.5 -4.7  0.82  0.10  0.11   0.12 -0.30 -0.25  -0.20
puerto_angel-672a-me      -96.5  15.7  0.70  0.08  0.09   0.10 -0.28 -0.21  -0.14
puerto_cortes-780a-h      -88.0  15.8  0.21  0.04  0.05   0.05 -0.32 -0.21  -0.09
puerto_montt-684a-ch      -73.0 -41.5  3.00  0.38  0.42   0.45 -0.44 -0.41  -0.37
puertowilliams,chile      -67.6 -54.9  1.08  0.14  0.16   0.17 -0.13 -0.07  -0.02
quepos,costarica-que      -84.2  9.4  1.41  0.17  0.19   0.20 -0.44 -0.39  -0.34
raahe-010-finland-fm       24.4  64.7  0.71  0.18  0.21   0.25 -0.28 -0.18  -0.07
rabaul-010a-papua_ne       152.2 -4.2  0.43  0.05  0.05   0.06 -0.34 -0.28  -0.21
rarotonga,cookisland      -159.8 -21.2  0.44  0.05  0.05   0.06  0.03  0.12   0.21
ratan-015-sweden-smh       20.9  64.0  0.62  0.12  0.14   0.16 -0.16 -0.05   0.06
rauma-011-finland-fm       21.4  61.1  0.55  0.14  0.16   0.19 -0.28 -0.19  -0.10
reedypoint-8551910-u      -75.6  39.6  1.09  0.10  0.11   0.12 -0.06 -0.01   0.04
reykjavik-reykjavik-      -21.9  64.2  2.00  0.23  0.25   0.27 -0.32 -0.29  -0.26
rikitea-016a-french_      -135.0 -23.1  0.43  0.06  0.06   0.07 -0.30 -0.24  -0.17
ringhals-016-sweden-       12.1  57.2  0.56  0.16  0.18   0.21 -0.16 -0.06   0.03
rockport,_tx-769a-us      -97.0  28.0  0.36  0.06  0.07   0.09  0.10  0.26   0.41
rodrigues-105a-mauri       63.4 -19.7  0.75  0.08  0.09   0.10 -0.10 -0.03   0.04
roervik-005-norway-s       11.2  64.9  1.28  0.17  0.19   0.20 -0.12 -0.07  -0.03
roscoff-roscoff-fran      -4.0  48.7  3.76  0.36  0.39   0.42 -0.32 -0.28  -0.25
rosslyn_bay-330a-aus       150.8 -23.2  2.12  0.25  0.29   0.32 -0.49 -0.42  -0.36
s.cruz_d._palma_b-20      -17.8  28.7  1.04  0.13  0.15   0.17 -0.43 -0.34  -0.25
sabine_pass_n,tx-766      -93.9  29.7  0.48  0.06  0.08   0.10  0.17  0.34   0.50
saigo-saigo-japan-jm       133.3  36.2  0.35  0.06  0.06   0.07 -0.20 -0.14  -0.09
saint_gildas-saint_g      -2.2  47.1  2.33  0.25  0.27   0.29 -0.23 -0.20  -0.17
saint_malo-saint_mal      -2.0  48.6  5.53  0.67  0.76   0.84 -0.71 -0.63  -0.56
saipan_b-028b-n._mar       145.7  15.2  0.37  0.03  0.04   0.04  0.14  0.23   0.34
sakai-sakai-japan-jm       133.2  35.5  0.37  0.06  0.06   0.07 -0.04  0.04   0.13
salalah-114a-oman-uh       54.0  16.9  0.68  0.08  0.09   0.10 -0.43 -0.35  -0.27
salina_cruz-394a-mex      -95.2  16.2  0.80  0.09  0.10   0.11 -0.20 -0.16  -0.12
san_diego-569a-usa-u      -117.2  32.7  1.12  0.17  0.17   0.18 -0.38 -0.37  -0.36
san_felix-035a-chile      -80.1 -26.3  0.58  0.08  0.09   0.10 -0.40 -0.33  -0.26
san_francisco,ca-551      -122.5  37.8  1.01  0.12  0.12   0.13 -0.17 -0.14  -0.11
san_jose-675a-guatem      -90.8  13.9  1.05  0.11  0.13   0.14 -0.34 -0.27  -0.20
san_juan,pr-245a-usa      -66.1  18.5  0.35  0.04  0.04   0.05 -0.02  0.03   0.08
san_juan_a-096a-peru      -75.2 -15.4  0.58  0.08  0.09   0.10 -0.34 -0.28  -0.22
sand_point,ak-574a-u      -160.5  55.3  1.40  0.21  0.23   0.25 -0.26 -0.21  -0.15
sandyhook-8531680-us      -74.0  40.5  1.06  0.14  0.15   0.16 -0.03  0.01   0.05
santa_cruz-030a-ecua      -90.3 -0.8  0.95  0.13  0.15   0.16 -0.44 -0.37  -0.31
santa_monica,_ca-578      -118.5  34.0  1.08  0.15  0.16   0.18 -0.37 -0.33  -0.30
santander-sant-spain      -3.8  43.5  1.93  0.27  0.29   0.31 -0.49 -0.44  -0.40
seattle-9447130-usa-      -122.3  47.6  1.68  0.17  0.18   0.19 -0.21 -0.17  -0.12
sedili-324a-malaysia       104.1  1.9  1.15  0.14  0.16   0.18 -0.24 -0.17  -0.10
seldovia-9455500-usa      -151.7  59.4  3.40  0.40  0.44   0.47 -0.36 -0.33  -0.29
seward_c,ak-560c-usa      -149.4  60.1  2.00  0.25  0.27   0.30 -0.28 -0.23  -0.18
sewellspoint,hampton      -76.3  36.9  0.70  0.12  0.14   0.15  0.04  0.11   0.18
shanwei-641a-china-u       115.3  22.8  0.93  0.15  0.17   0.19 -0.25 -0.17  -0.10
shijiusuo-642a-china       119.5  35.4  2.05  0.19  0.21   0.23 -0.25 -0.18  -0.12
shimizuminato-shimiz       138.5  35.0  0.71  0.09  0.09   0.10 -0.14 -0.08  -0.02
shirahama-shirahama-       135.4  33.7  0.85  0.10  0.11   0.12 -0.19 -0.13  -0.06
simon_s_town-221a-so       18.4 -34.2  0.87  0.13  0.14   0.15 -0.32 -0.27  -0.23
simrishamn-017-swede       14.4  55.6  0.50  0.15  0.19   0.22 -0.38 -0.22  -0.06
sitka,ak-559a-usa-uh      -135.3  57.1  1.81  0.23  0.25   0.26 -0.23 -0.20  -0.17
skagsudde-018-sweden       19.0  63.2  0.52  0.10  0.13   0.17 -0.19 -0.01   0.19
skagway-9452400-usa-      -135.3  59.5  3.08  0.37  0.40   0.43 -0.34 -0.30  -0.27
skanor-019-sweden-sm       12.8  55.4  0.52  0.15  0.18   0.22 -0.18 -0.03   0.12
smogen-020-sweden-sm       11.2  58.4  0.59  0.17  0.19   0.21 -0.24 -0.17  -0.10
solomonsisland_biol.      -76.5  38.3  0.47  0.09  0.10   0.11 -0.11 -0.03   0.04
south_beach,or-592a-      -124.0  44.6  1.49  0.19  0.21   0.22 -0.22 -0.18  -0.13
spikarna-021-sweden-       17.5  62.4  0.55  0.12  0.15   0.17 -0.22 -0.11  -0.01
spring_bay-335a-aust       147.9 -42.5  0.61  0.09  0.10   0.11 -0.21 -0.15  -0.08
springmaidpier-86610      -78.9  33.7  1.14  0.14  0.15   0.16 -0.17 -0.14  -0.10
st.johns,canada-st.j      -52.7  47.6  0.76  0.13  0.15   0.16 -0.19 -0.13  -0.07
st._petersburg,_fl-7      -82.6  27.8  0.52  0.07  0.08   0.08  0.08  0.14   0.19
stenungsund-022-swed       11.8  58.1  0.64  0.20  0.22   0.25 -0.24 -0.17  -0.10
steveston,bc-07607-c      -123.2  49.1  1.54  0.15  0.17   0.19 -0.16 -0.07   0.01
sthelier-p074-uk-bod      -2.1  49.2  5.03  0.63  0.70   0.78 -0.72 -0.65  -0.57
stockholm-826a-swede       18.1  59.3  0.45  0.11  0.13   0.14 -0.18 -0.13  -0.07
stornoway-p042-uk-bo      -6.4  58.2  2.10  0.30  0.33   0.36 -0.38 -0.33  -0.27
sumoto-sumoto-japan-       134.9  34.4  0.69  0.10  0.12   0.13 -0.12 -0.06   0.00
surabaya-160a-indone       112.7 -7.2  1.16  0.18  0.20   0.22 -0.46 -0.39  -0.32
suva,fiji-suva,fiji-       178.4 -18.1  0.80  0.09  0.10   0.10 -0.27 -0.23  -0.18
syowa,_antarctica-12       39.6 -69.0  0.65  0.09  0.10   0.11 -0.23 -0.16  -0.09
takamatsu-takamatsu-       134.1  34.4  1.13  0.10  0.10   0.11 -0.04  0.00   0.05
talara_b-092b-peru-u      -81.3 -4.6  0.90  0.11  0.12   0.13 -0.24 -0.17  -0.10
tanjong_pagar-699a-s       103.9  1.3  1.30  0.13  0.14   0.16 -0.24 -0.20  -0.16
tannowa-tannowa-japa       135.2  34.3  0.72  0.11  0.12   0.13 -0.14 -0.08  -0.01
taranaki-076a-new_ze       174.0 -39.0  1.65  0.13  0.15   0.17  0.03  0.08   0.13
tarawa_d,betio-002d-       172.9  1.4  1.04  0.15  0.17   0.19 -0.65 -0.57  -0.50
tarifa-tari-spain-ie      -5.6  36.0  0.70  0.10  0.10   0.11 -0.28 -0.24  -0.20
tauranga-073a-new_ze       176.2 -37.6  0.90  0.09  0.10   0.12 -0.28 -0.21  -0.14
tawau-385a-malaysia-       117.9  4.2  1.55  0.18  0.19   0.21 -0.58 -0.52  -0.46
tenerife-tenerife-sp      -16.2  28.5  1.11  0.15  0.17   0.18 -0.46 -0.39  -0.31
thevenard-128a-austr       133.6 -32.1  1.11  0.21  0.24   0.27 -0.25 -0.18  -0.10
tioman-323a-malaysia       104.1  2.8  1.38  0.16  0.18   0.20 -0.28 -0.20  -0.12
toba-toba-japan-jma        136.8  34.5  0.94  0.11  0.12   0.13 -0.10 -0.05  -0.00
tobermory-p223-uk-bo      -6.1  56.6  2.03  0.27  0.30   0.34 -0.26 -0.21  -0.16
tofino-542a-canada-u      -125.9  49.1  1.61  0.21  0.22   0.24 -0.21 -0.16  -0.11
tokyo-tokyo-japan-jm       139.8  35.6  0.86  0.09  0.10   0.11 -0.03  0.03   0.08
tosashimizu-tosashim       133.0  32.8  0.89  0.10  0.11   0.12  0.04  0.09   0.14
townsville-334a-aust       146.8 -19.2  1.60  0.24  0.26   0.29 -0.34 -0.28  -0.22
toyama-toyama-japan-       137.2  36.8  0.34  0.06  0.06   0.07 -0.18 -0.10  -0.03
tregde-804a-norway-u       7.6  58.0  0.44  0.12  0.13   0.14 -0.18 -0.12  -0.07
trieste-270061-italy       13.8  45.6  0.65  0.14  0.16   0.17 -0.16 -0.10  -0.03
tumaco-303a-colombia      -78.7  1.8  1.72  0.19  0.21   0.22 -0.34 -0.31  -0.29
turku-012-finland-fm       22.1  60.4  0.56  0.16  0.19   0.21 -0.31 -0.22  -0.14
uchiura-uchiura-japa       138.9  35.0  0.74  0.10  0.11   0.12 -0.20 -0.14  -0.08
ullapool-p043-uk-bod      -5.2  57.9  2.25  0.30  0.32   0.35 -0.31 -0.28  -0.24
uno-uno-japan-jma          133.9  34.5  1.16  0.10  0.11   0.12 -0.05 -0.00   0.04
uragami-uragami-japa       135.9  33.6  0.80  0.09  0.10   0.11 -0.08 -0.01   0.07
uwajima-uwajima-japa       132.6  33.2  0.98  0.10  0.11   0.12 -0.14 -0.09  -0.04
vaasa-013-finland-fm       21.6  63.1  0.59  0.14  0.16   0.19 -0.22 -0.13  -0.05
valdez,ak-562a-usa-u      -146.4  61.1  2.21  0.26  0.29   0.31 -0.30 -0.26  -0.21
valencia-valencia-sp      -0.3  39.5  0.25  0.05  0.06   0.07 -0.25 -0.15  -0.04
valparaiso-081a-chil      -71.6 -33.0  0.83  0.11  0.12   0.13 -0.31 -0.28  -0.25
varberg1-024-sweden-       12.2  57.1  0.57  0.17  0.20   0.24 -0.36 -0.24  -0.12
venezia-punta_salute       12.4  45.4  0.61  0.12  0.14   0.16 -0.15 -0.07   0.01
victoria,bc-543a-can      -123.4  48.4  1.08  0.16  0.17   0.19 -0.22 -0.18  -0.13
vigo-vigo-spain-ieo       -8.7  42.2  1.67  0.21  0.22   0.23 -0.26 -0.23  -0.21
visby-026-sweden-smh       18.3  57.6  0.43  0.08  0.10   0.11 -0.30 -0.18  -0.05
wakayama-wakayama-ja       135.2  34.2  0.85  0.11  0.12   0.13 -0.14 -0.07   0.00
wake-051a-usa_trust-       166.6  19.3  0.54  0.06  0.06   0.07  0.01  0.06   0.10
wakkanai-wakkanai-ja       141.7  45.4  0.33  0.06  0.07   0.08 -0.11 -0.05   0.01
washingtondc-8594900      -77.0  38.9  0.75  0.09  0.10   0.11  0.12  0.18   0.24
wellington-071a-new_       174.8 -41.3  0.71  0.10  0.10   0.11 -0.24 -0.21  -0.17
weymouth-p991-uk-bod      -2.4  50.6  1.23  0.15  0.17   0.19 -0.30 -0.21  -0.12
whitby-p174-uk-bodc       -0.6  54.5  2.32  0.24  0.26   0.28 -0.18 -0.14  -0.11
wick-p035-uk-bodc         -3.1  58.4  1.58  0.20  0.22   0.24 -0.26 -0.22  -0.17
willapa_bay,_wa-564a      -124.0  46.7  1.65  0.23  0.26   0.28 -0.18 -0.12  -0.06
willetspoint-8516990      -73.8  40.8  1.49  0.14  0.15   0.17  0.06  0.12   0.19
wilmington,nc-750a-u      -78.0  34.2  0.82  0.08  0.09   0.09 -0.04 -0.00   0.03
wladyslawowo-wlad-po       18.4  54.8  0.53  0.16  0.19   0.22 -0.26 -0.15  -0.04
woods_hole,ma-742a-u      -70.7  41.5  0.56  0.11  0.12   0.13 -0.00  0.05   0.10
workington-p217-uk-b      -3.6  54.7  3.90  0.37  0.41   0.45 -0.30 -0.25  -0.19
wyndham-165a-austral       128.1 -15.5  3.46  0.19  0.21   0.23 -0.40 -0.36  -0.32
xiamen-376a-china-uh       118.1  24.4  2.72  0.24  0.26   0.28 -0.20 -0.17  -0.14
yakutat-9453220-usa-      -139.7  59.5  1.88  0.24  0.26   0.28 -0.26 -0.21  -0.16
yap_b-008b-fd._st._m       138.1  9.5  0.65  0.06  0.06   0.07  0.02  0.06   0.11
yokohama-yokohama-ja       139.6  35.5  0.79  0.09  0.09   0.10 -0.07 -0.01   0.05
ystad-027-sweden-smh       13.8  55.4  0.55  0.18  0.21   0.25 -0.38 -0.26  -0.13
zanzibar-151a-tanzan       39.2 -6.2  2.01  0.29  0.31   0.34 -0.58 -0.53  -0.48
zhapo_a-635a-china-u       111.8  21.6  1.55  0.18  0.20   0.22 -0.23 -0.18  -0.14
burrulus_tide              31.0  31.6  0.28  0.04  0.06   0.07 -0.04  0.16   0.35
lautoka_fiji_uhslc         177.4 -17.6  0.92  0.09  0.10   0.11 -0.20 -0.16  -0.12
