year   median [5 to 95]
2007.5     3 [ 2 to  5]
2008.5     4 [ 2 to  5]
2009.5     3 [ 2 to  5]
2010.5     4 [ 2 to  5]
2011.5     4 [ 2 to  5]
2012.5     4 [ 3 to  5]
2013.5     4 [ 3 to  5]
2014.5     3 [ 2 to  5]
2015.5     4 [ 3 to  5]
2016.5     4 [ 3 to  4]
2017.5     4 [ 3 to  5]
2018.5     4 [ 3 to  6]
2019.5     4 [ 3 to  6]
2020.5     4 [ 3 to  5]
2021.5     4 [ 3 to  5]
2022.5     4 [ 3 to  5]
2023.5     4 [ 3 to  6]
2024.5     4 [ 3 to  5]
2025.5     5 [ 4 to  6]
2026.5     5 [ 3 to  6]
2027.5     4 [ 3 to  6]
2028.5     4 [ 4 to  5]
2029.5     5 [ 3 to  6]
2030.5     5 [ 3 to  7]
2031.5     5 [ 3 to  6]
2032.5     5 [ 4 to  5]
2033.5     4 [ 3 to  6]
2034.5     5 [ 3 to  6]
2035.5     5 [ 4 to  7]
2036.5     5 [ 4 to  6]
2037.5     5 [ 4 to  7]
2038.5     5 [ 4 to  7]
2039.5     5 [ 4 to  7]
2040.5     5 [ 4 to  7]
2041.5     5 [ 4 to  7]
2042.5     5 [ 3 to  7]
2043.5     5 [ 4 to  7]
2044.5     5 [ 3 to  7]
2045.5     6 [ 4 to  7]
2046.5     6 [ 4 to  7]
2047.5     6 [ 5 to  8]
2048.5     6 [ 5 to  8]
2049.5     6 [ 4 to  7]
2050.5     6 [ 4 to  7]
2051.5     6 [ 3 to  8]
2052.5     6 [ 4 to  8]
2053.5     6 [ 4 to  8]
2054.5     5 [ 3 to  7]
2055.5     5 [ 3 to  7]
2056.5     6 [ 5 to  8]
2057.5     7 [ 6 to  9]
2058.5     6 [ 3 to  9]
2059.5     7 [ 5 to  9]
2060.5     6 [ 4 to  8]
2061.5     6 [ 4 to  9]
2062.5     7 [ 4 to  8]
2063.5     6 [ 5 to  9]
2064.5     6 [ 5 to  7]
2065.5     6 [ 4 to  9]
2066.5     7 [ 4 to  9]
2067.5     6 [ 4 to  8]
2068.5     7 [ 5 to  9]
2069.5     7 [ 5 to  8]
2070.5     7 [ 4 to  9]
2071.5     7 [ 6 to  8]
2072.5     6 [ 4 to 10]
2073.5     7 [ 4 to  8]
2074.5     6 [ 3 to  9]
2075.5     6 [ 5 to 10]
2076.5     7 [ 5 to  9]
2077.5     7 [ 5 to  8]
2078.5     7 [ 4 to  9]
2079.5     7 [ 5 to 10]
2080.5     7 [ 5 to  9]
2081.5     7 [ 5 to 10]
2082.5     6 [ 4 to  8]
2083.5     7 [ 5 to 11]
2084.5     6 [ 3 to  8]
2085.5     6 [ 5 to  8]
2086.5     7 [ 4 to 10]
2087.5     6 [ 3 to 10]
2088.5     6 [ 4 to  8]
2089.5     6 [ 5 to  9]
2090.5     6 [ 5 to  8]
2091.5     7 [ 5 to 10]
2092.5     7 [ 4 to 10]
2093.5     7 [ 4 to 10]
2094.5     5 [ 6 to  8]
2095.5     6 [ 2 to  6]
2096.5     7 [ 5 to 10]
2097.5     7 [ 4 to  9]
2098.5     8 [ 6 to 10]
2099.5     7 [ 5 to  9]
----------------
Average over last 5 years
 7 [ 4 to  9]
