year    05      50       95
2007     0.025    0.033     0.040
2008     0.027    0.036     0.045
2009     0.030    0.040     0.050
2010     0.032    0.044     0.055
2011     0.033    0.047     0.060
2012     0.035    0.051     0.065
2013     0.038    0.055     0.071
2014     0.042    0.059     0.076
2015     0.044    0.063     0.080
2016     0.047    0.067     0.085
2017     0.050    0.071     0.091
2018     0.053    0.075     0.096
2019     0.055    0.079     0.102
2020     0.058    0.083     0.107
2021     0.061    0.087     0.112
2022     0.064    0.091     0.118
2023     0.066    0.095     0.123
2024     0.069    0.100     0.129
2025     0.072    0.104     0.135
2026     0.076    0.108     0.141
2027     0.079    0.113     0.146
2028     0.082    0.117     0.151
2029     0.085    0.121     0.157
2030     0.088    0.126     0.163
2031     0.091    0.130     0.168
2032     0.095    0.134     0.174
2033     0.098    0.139     0.180
2034     0.100    0.143     0.186
2035     0.103    0.147     0.191
2036     0.106    0.152     0.197
2037     0.110    0.157     0.203
2038     0.114    0.161     0.208
2039     0.117    0.166     0.214
2040     0.121    0.171     0.220
2041     0.124    0.175     0.226
2042     0.128    0.180     0.232
2043     0.131    0.184     0.238
2044     0.134    0.189     0.244
2045     0.137    0.193     0.250
2046     0.141    0.198     0.255
2047     0.144    0.203     0.262
2048     0.147    0.207     0.268
2049     0.150    0.212     0.274
2050     0.153    0.217     0.281
2051     0.156    0.221     0.287
2052     0.160    0.226     0.293
2053     0.162    0.230     0.299
2054     0.164    0.235     0.306
2055     0.167    0.239     0.311
2056     0.170    0.243     0.318
2057     0.174    0.248     0.324
2058     0.176    0.253     0.330
2059     0.178    0.257     0.338
2060     0.182    0.262     0.344
2061     0.185    0.267     0.350
2062     0.187    0.271     0.356
2063     0.191    0.276     0.362
2064     0.194    0.280     0.369
2065     0.196    0.284     0.375
2066     0.199    0.288     0.380
2067     0.201    0.292     0.386
2068     0.203    0.297     0.392
2069     0.206    0.302     0.399
2070     0.210    0.306     0.405
2071     0.212    0.310     0.410
2072     0.215    0.314     0.415
2073     0.218    0.319     0.422
2074     0.221    0.324     0.430
2075     0.222    0.327     0.434
2076     0.225    0.332     0.441
2077     0.227    0.336     0.447
2078     0.230    0.340     0.454
2079     0.233    0.344     0.461
2080     0.235    0.349     0.466
2081     0.239    0.353     0.472
2082     0.240    0.358     0.479
2083     0.244    0.362     0.484
2084     0.246    0.366     0.489
2085     0.247    0.370     0.496
2086     0.250    0.375     0.502
2087     0.253    0.379     0.509
2088     0.256    0.383     0.514
2089     0.258    0.388     0.520
2090     0.260    0.392     0.528
2091     0.264    0.396     0.533
2092     0.266    0.400     0.539
2093     0.268    0.405     0.547
2094     0.270    0.410     0.552
2095     0.273    0.413     0.558
2096     0.276    0.417     0.563
2097     0.277    0.421     0.570
2098     0.281    0.426     0.576
2099     0.283    0.430     0.582
2100     0.285    0.435     0.589

20-year averages: 
2040     0.122    0.173    0.224
2055     0.169    0.241    0.315
2090     0.262    0.394    0.530
