year   median [5 to 95]
2007.5     4 [ 2 to  5]
2008.5     4 [ 2 to  5]
2009.5     4 [ 2 to  5]
2010.5     3 [ 2 to  4]
2011.5     4 [ 2 to  5]
2012.5     4 [ 3 to  5]
2013.5     4 [ 3 to  5]
2014.5     4 [ 3 to  5]
2015.5     4 [ 3 to  6]
2016.5     5 [ 4 to  6]
2017.5     4 [ 3 to  5]
2018.5     4 [ 3 to  6]
2019.5     5 [ 3 to  6]
2020.5     5 [ 3 to  6]
2021.5     5 [ 4 to  6]
2022.5     5 [ 3 to  6]
2023.5     5 [ 3 to  6]
2024.5     5 [ 4 to  6]
2025.5     5 [ 4 to  6]
2026.5     5 [ 4 to  7]
2027.5     5 [ 4 to  6]
2028.5     5 [ 4 to  6]
2029.5     5 [ 4 to  7]
2030.5     6 [ 5 to  8]
2031.5     5 [ 3 to  7]
2032.5     6 [ 5 to  8]
2033.5     6 [ 4 to  7]
2034.5     6 [ 5 to  7]
2035.5     6 [ 4 to  8]
2036.5     6 [ 5 to  8]
2037.5     6 [ 5 to  8]
2038.5     6 [ 4 to  8]
2039.5     6 [ 5 to  9]
2040.5     6 [ 5 to  8]
2041.5     7 [ 5 to  9]
2042.5     7 [ 5 to  8]
2043.5     7 [ 6 to 10]
2044.5     7 [ 6 to  8]
2045.5     7 [ 5 to  8]
2046.5     8 [ 6 to 11]
2047.5     8 [ 5 to 10]
2048.5     8 [ 6 to 10]
2049.5     8 [ 5 to 11]
2050.5     8 [ 6 to 10]
2051.5     8 [ 6 to 10]
2052.5     8 [ 6 to 11]
2053.5     8 [ 6 to 11]
2054.5     8 [ 6 to 10]
2055.5     7 [ 5 to  9]
2056.5     9 [ 7 to 11]
2057.5    11 [ 9 to 14]
2058.5     9 [ 6 to 12]
2059.5     9 [ 6 to 12]
2060.5     9 [ 7 to 12]
2061.5     9 [ 7 to 11]
2062.5    10 [ 7 to 14]
2063.5    10 [ 7 to 14]
2064.5     9 [ 8 to 11]
2065.5    10 [ 7 to 14]
2066.5    10 [ 8 to 14]
2067.5    10 [ 6 to 13]
2068.5    11 [ 8 to 14]
2069.5    10 [ 7 to 14]
2070.5    11 [ 8 to 15]
2071.5    11 [ 9 to 15]
2072.5    11 [ 8 to 15]
2073.5    12 [ 8 to 15]
2074.5    10 [ 8 to 14]
2075.5    12 [ 9 to 16]
2076.5    12 [ 8 to 14]
2077.5    11 [ 8 to 15]
2078.5    12 [ 9 to 18]
2079.5    12 [ 8 to 17]
2080.5    12 [ 8 to 15]
2081.5    14 [10 to 17]
2082.5    12 [10 to 18]
2083.5    13 [ 8 to 16]
2084.5    12 [ 9 to 14]
2085.5    13 [11 to 17]
2086.5    14 [ 9 to 22]
2087.5    13 [10 to 16]
2088.5    14 [ 9 to 19]
2089.5    12 [ 7 to 19]
2090.5    15 [11 to 17]
2091.5    13 [ 9 to 20]
2092.5    15 [10 to 17]
2093.5    15 [12 to 20]
2094.5    13 [10 to 17]
2095.5    15 [10 to 20]
2096.5    15 [11 to 20]
2097.5    15 [12 to 22]
2098.5    16 [ 9 to 22]
2099.5    13 [ 9 to 18]
----------------
Average over last 5 years
15 [10 to 20]
