year   median [5 to 95]
2007.5     3 [ 2 to  5]
2008.5     4 [ 2 to  5]
2009.5     4 [ 2 to  5]
2010.5     3 [ 1 to  5]
2011.5     4 [ 2 to  6]
2012.5     4 [ 3 to  6]
2013.5     4 [ 3 to  5]
2014.5     4 [ 3 to  5]
2015.5     4 [ 3 to  5]
2016.5     4 [ 3 to  5]
2017.5     4 [ 2 to  5]
2018.5     4 [ 2 to  6]
2019.5     4 [ 3 to  5]
2020.5     4 [ 3 to  5]
2021.5     4 [ 3 to  6]
2022.5     4 [ 3 to  6]
2023.5     4 [ 3 to  6]
2024.5     4 [ 3 to  6]
2025.5     5 [ 3 to  6]
2026.5     4 [ 3 to  5]
2027.5     4 [ 4 to  5]
2028.5     4 [ 2 to  6]
2029.5     4 [ 3 to  6]
2030.5     4 [ 3 to  5]
2031.5     4 [ 3 to  6]
2032.5     5 [ 3 to  6]
2033.5     4 [ 2 to  6]
2034.5     4 [ 3 to  6]
2035.5     4 [ 3 to  6]
2036.5     5 [ 4 to  6]
2037.5     5 [ 4 to  5]
2038.5     4 [ 3 to  6]
2039.5     5 [ 4 to  6]
2040.5     5 [ 3 to  6]
2041.5     5 [ 4 to  6]
2042.5     4 [ 3 to  6]
2043.5     4 [ 3 to  7]
2044.5     4 [ 3 to  5]
2045.5     5 [ 3 to  6]
2046.5     5 [ 3 to  7]
2047.5     5 [ 3 to  6]
2048.5     5 [ 3 to  6]
2049.5     5 [ 4 to  7]
2050.5     5 [ 3 to  6]
2051.5     4 [ 3 to  6]
2052.5     5 [ 3 to  6]
2053.5     4 [ 2 to  6]
2054.5     4 [ 3 to  5]
2055.5     5 [ 3 to  6]
2056.5     5 [ 4 to  6]
2057.5     4 [ 2 to  6]
2058.5     4 [ 2 to  8]
2059.5     5 [ 4 to  6]
2060.5     5 [ 3 to  6]
2061.5     5 [ 3 to  6]
2062.5     5 [ 4 to  6]
2063.5     5 [ 3 to  7]
2064.5     4 [ 2 to  6]
2065.5     5 [ 3 to  5]
2066.5     4 [ 2 to  6]
2067.5     4 [ 2 to  7]
2068.5     5 [ 3 to  6]
2069.5     4 [ 3 to  7]
2070.5     4 [ 2 to  5]
2071.5     4 [ 3 to  5]
2072.5     5 [ 3 to  7]
2073.5     5 [ 3 to  8]
2074.5     3 [ 1 to  4]
2075.5     5 [ 3 to  7]
2076.5     4 [ 2 to  6]
2077.5     4 [ 3 to  7]
2078.5     4 [ 2 to  6]
2079.5     5 [ 3 to  6]
2080.5     4 [ 4 to  5]
2081.5     4 [ 1 to  7]
2082.5     4 [ 4 to  5]
2083.5     4 [ 2 to  6]
2084.5     4 [ 1 to  6]
2085.5     4 [ 3 to  7]
2086.5     4 [ 3 to  6]
2087.5     4 [ 3 to  6]
2088.5     4 [ 2 to  6]
2089.5     4 [ 2 to  8]
2090.5     4 [ 4 to  5]
2091.5     4 [ 2 to  6]
2092.5     5 [ 3 to  8]
2093.5     5 [ 1 to  5]
2094.5     3 [ 3 to  7]
2095.5     5 [ 3 to  5]
2096.5     4 [ 1 to  7]
2097.5     4 [ 4 to  6]
2098.5     4 [ 2 to  6]
2099.5     5 [ 2 to  7]
----------------
Average over last 5 years
 4 [ 2 to  6]
