year    05      50       95
2007     0.025    0.032     0.040
2008     0.027    0.036     0.044
2009     0.029    0.039     0.049
2010     0.031    0.043     0.054
2011     0.033    0.046     0.059
2012     0.035    0.050     0.064
2013     0.038    0.054     0.069
2014     0.041    0.058     0.074
2015     0.044    0.061     0.079
2016     0.046    0.065     0.084
2017     0.049    0.069     0.088
2018     0.052    0.072     0.093
2019     0.054    0.076     0.098
2020     0.057    0.081     0.104
2021     0.060    0.085     0.109
2022     0.063    0.089     0.114
2023     0.065    0.093     0.119
2024     0.069    0.097     0.125
2025     0.072    0.101     0.131
2026     0.075    0.106     0.136
2027     0.078    0.110     0.142
2028     0.081    0.115     0.148
2029     0.085    0.119     0.153
2030     0.088    0.124     0.159
2031     0.091    0.128     0.166
2032     0.094    0.133     0.171
2033     0.098    0.137     0.177
2034     0.101    0.142     0.183
2035     0.104    0.146     0.188
2036     0.108    0.151     0.195
2037     0.112    0.157     0.201
2038     0.116    0.162     0.208
2039     0.120    0.167     0.215
2040     0.124    0.172     0.221
2041     0.128    0.178     0.228
2042     0.132    0.183     0.235
2043     0.136    0.189     0.242
2044     0.140    0.194     0.249
2045     0.143    0.199     0.256
2046     0.148    0.205     0.263
2047     0.151    0.210     0.271
2048     0.156    0.216     0.278
2049     0.160    0.222     0.286
2050     0.165    0.228     0.293
2051     0.169    0.234     0.300
2052     0.173    0.239     0.308
2053     0.177    0.245     0.316
2054     0.181    0.251     0.324
2055     0.184    0.256     0.331
2056     0.187    0.261     0.338
2057     0.192    0.268     0.346
2058     0.198    0.275     0.355
2059     0.201    0.281     0.364
2060     0.206    0.288     0.373
2061     0.210    0.294     0.381
2062     0.214    0.300     0.389
2063     0.219    0.307     0.397
2064     0.224    0.313     0.407
2065     0.229    0.319     0.414
2066     0.232    0.325     0.422
2067     0.236    0.331     0.431
2068     0.240    0.337     0.439
2069     0.245    0.344     0.448
2070     0.250    0.351     0.456
2071     0.254    0.357     0.465
2072     0.260    0.364     0.473
2073     0.264    0.370     0.483
2074     0.268    0.377     0.491
2075     0.271    0.383     0.500
2076     0.276    0.389     0.510
2077     0.281    0.396     0.518
2078     0.286    0.403     0.526
2079     0.290    0.409     0.535
2080     0.296    0.417     0.545
2081     0.300    0.424     0.554
2082     0.306    0.430     0.563
2083     0.309    0.437     0.571
2084     0.315    0.444     0.582
2085     0.317    0.450     0.590
2086     0.323    0.456     0.598
2087     0.327    0.463     0.608
2088     0.330    0.469     0.617
2089     0.334    0.475     0.626
2090     0.339    0.482     0.635
2091     0.344    0.488     0.643
2092     0.349    0.495     0.653
2093     0.353    0.503     0.662
2094     0.357    0.509     0.672
2095     0.363    0.515     0.680
2096     0.365    0.521     0.687
2097     0.370    0.528     0.697
2098     0.374    0.535     0.706
2099     0.380    0.542     0.715
2100     0.385    0.549     0.724

20-year averages: 
2040     0.126    0.176    0.226
2055     0.187    0.261    0.337
2090     0.342    0.486    0.639
