year    05      50       95
2007     0.025    0.033     0.040
2008     0.028    0.036     0.045
2009     0.030    0.040     0.050
2010     0.032    0.044     0.055
2011     0.034    0.047     0.060
2012     0.036    0.051     0.065
2013     0.039    0.055     0.070
2014     0.042    0.059     0.076
2015     0.045    0.063     0.081
2016     0.048    0.068     0.086
2017     0.052    0.072     0.092
2018     0.055    0.076     0.097
2019     0.058    0.081     0.103
2020     0.061    0.085     0.109
2021     0.064    0.090     0.114
2022     0.068    0.094     0.121
2023     0.071    0.099     0.127
2024     0.074    0.104     0.133
2025     0.078    0.109     0.139
2026     0.082    0.114     0.146
2027     0.086    0.119     0.152
2028     0.090    0.124     0.159
2029     0.093    0.129     0.165
2030     0.097    0.135     0.172
2031     0.102    0.140     0.180
2032     0.105    0.146     0.187
2033     0.110    0.152     0.195
2034     0.114    0.158     0.202
2035     0.119    0.163     0.209
2036     0.123    0.169     0.217
2037     0.128    0.176     0.225
2038     0.133    0.182     0.233
2039     0.138    0.189     0.241
2040     0.142    0.195     0.250
2041     0.148    0.202     0.258
2042     0.153    0.208     0.267
2043     0.158    0.216     0.275
2044     0.164    0.223     0.285
2045     0.169    0.230     0.293
2046     0.174    0.236     0.302
2047     0.180    0.244     0.313
2048     0.185    0.252     0.322
2049     0.191    0.260     0.332
2050     0.196    0.268     0.343
2051     0.203    0.276     0.354
2052     0.209    0.284     0.363
2053     0.214    0.292     0.375
2054     0.221    0.301     0.386
2055     0.226    0.308     0.396
2056     0.232    0.315     0.405
2057     0.239    0.324     0.416
2058     0.247    0.335     0.430
2059     0.254    0.344     0.442
2060     0.259    0.353     0.454
2061     0.267    0.363     0.466
2062     0.274    0.372     0.477
2063     0.281    0.382     0.491
2064     0.288    0.392     0.505
2065     0.296    0.402     0.516
2066     0.303    0.412     0.529
2067     0.311    0.422     0.544
2068     0.317    0.432     0.557
2069     0.325    0.444     0.571
2070     0.332    0.453     0.584
2071     0.341    0.464     0.600
2072     0.350    0.476     0.614
2073     0.357    0.487     0.630
2074     0.366    0.499     0.644
2075     0.374    0.509     0.658
2076     0.383    0.521     0.674
2077     0.390    0.532     0.688
2078     0.399    0.544     0.703
2079     0.408    0.556     0.721
2080     0.415    0.568     0.738
2081     0.423    0.579     0.753
2082     0.433    0.593     0.770
2083     0.442    0.605     0.788
2084     0.451    0.618     0.804
2085     0.460    0.630     0.818
2086     0.470    0.643     0.835
2087     0.479    0.657     0.857
2088     0.489    0.670     0.873
2089     0.499    0.684     0.892
2090     0.506    0.696     0.912
2091     0.517    0.711     0.929
2092     0.527    0.724     0.949
2093     0.536    0.739     0.966
2094     0.548    0.754     0.986
2095     0.558    0.767     1.003
2096     0.568    0.782     1.023
2097     0.579    0.797     1.043
2098     0.591    0.812     1.065
2099     0.600    0.828     1.087
2100     0.609    0.842     1.105

20-year averages: 
2040     0.146    0.200    0.256
2055     0.232    0.315    0.404
2090     0.514    0.707    0.923
