time ssh ssh_err steric st_err ais ais_err gris gris_err gic gic_err tws tws_err
   1900.5   -173.3     30.3    -48.3     10.4     -9.5      6.7    -48.1     10.7    -79.6     15.9     12.3      9.5
   1901.5   -168.8     32.2    -49.1      9.6     -9.4      6.6    -48.2     10.8    -78.7     15.9     15.2      9.5
   1902.5   -180.4     31.7    -49.9      9.3     -9.4      6.5    -47.9     10.8    -77.8     15.7     16.6      9.4
   1903.4   -170.3     32.4    -51.1      9.9     -9.3      6.5    -47.5     10.7    -77.3     15.6     16.6      9.5
   1904.5   -168.7     31.4    -52.2     10.3     -9.3      6.4    -46.6      9.6    -76.4     15.4     16.2      9.5
   1905.5   -161.0     31.1    -53.0      9.0     -9.2      6.3    -46.4      8.7    -75.4     15.3     16.8      9.5
   1906.5   -175.6     30.3    -54.0     10.7     -9.2      6.2    -46.0      8.5    -74.6     15.1     14.8      9.5
   1907.4   -169.3     31.6    -54.6      9.7     -9.1      6.2    -45.6      8.6    -74.0     14.9     14.4      9.5
   1908.5   -184.1     30.8    -55.2     10.4     -9.1      6.1    -44.9      8.6    -73.2     14.8     15.1      9.4
   1909.5   -178.7     30.3    -56.3     10.1     -9.0      6.0    -44.3      7.4    -72.4     14.5     16.0      9.4
   1910.5   -177.1     30.3    -57.2      9.5     -9.0      6.0    -43.9      5.6    -71.8     14.5     16.4      9.5
   1911.4   -161.7     30.1    -57.2     10.0     -8.9      6.0    -43.8      5.5    -70.9     14.3     16.7      9.5
   1912.5   -154.1     28.9    -57.1      9.6     -8.8      5.9    -43.3      5.5    -70.1     14.1     16.5      9.4
   1913.5   -146.4     29.9    -56.6      9.3     -8.8      5.8    -42.9      5.4    -69.4     14.0     15.5      9.5
   1914.5   -144.5     29.1    -55.5     10.5     -8.7      5.7    -42.8      5.3    -68.3     13.8     16.9      9.6
   1915.4   -140.9     28.2    -55.3      9.9     -8.7      5.7    -42.4      5.3    -66.7     13.7     17.8      9.4
   1916.5   -167.3     28.1    -54.9      9.8     -8.6      5.6    -42.3      5.3    -65.7     13.4     15.5      9.6
   1917.5   -157.4     27.6    -54.7      9.9     -8.6      5.5    -41.6      5.2    -64.6     13.1     12.7      9.4
   1918.5   -153.4     27.6    -54.7     10.0     -8.5      5.5    -41.5      5.1    -63.5     12.7     14.9      9.5
   1919.4   -146.9     28.4    -54.9      9.9     -8.5      5.4    -41.3      5.0    -62.6     12.6     16.7      9.5
   1920.5   -138.3     26.5    -54.8      9.8     -8.4      5.3    -41.1      5.0    -62.1     12.4     16.1      9.3
   1921.5   -138.6     26.8    -55.0      8.0     -8.4      5.3    -41.0      5.0    -61.5     12.5     15.7      9.5
   1922.5   -140.2     27.1    -55.1      8.3     -8.3      5.2    -41.2      4.9    -60.8     12.4     15.3      9.3
   1923.4   -155.0     27.7    -55.5      8.1     -8.2      5.2    -40.8      4.9    -59.6     12.2     13.3      9.4
   1924.5   -149.7     25.3    -55.5      8.5     -8.2      5.1    -40.2      4.8    -58.6     12.1     14.3      9.2
   1925.5   -154.4     26.2    -54.8      8.6     -8.1      5.0    -40.1      4.7    -57.7     11.9     14.4      9.5
   1926.5   -155.0     24.2    -53.9      8.5     -8.1      5.0    -39.0      4.6    -56.6     11.6     13.6      9.4
   1927.4   -148.2     24.0    -53.4      8.4     -8.0      4.9    -38.3      4.6    -55.5     11.4     12.6      9.3
   1928.5   -150.6     24.7    -52.7      8.4     -8.0      4.8    -37.2      4.5    -54.5     11.1     14.3      9.3
   1929.5   -151.3     24.4    -52.4      7.9     -7.9      4.8    -36.1      4.4    -53.5     10.8     15.0      9.2
   1930.5   -146.4     23.6    -52.0      7.9     -7.9      4.7    -35.5      4.4    -52.5     10.6     16.2      9.0
   1931.4   -146.1     24.1    -51.7      8.1     -7.8      4.6    -33.7      4.4    -51.2     10.4     16.2      9.1
   1932.5   -131.8     23.6    -51.3      8.1     -7.8      4.5    -32.7      4.4    -50.3     10.2     16.0      9.1
   1933.5   -137.9     24.2    -50.9      8.3     -7.7      4.5    -31.6      4.2    -49.4     10.1     16.0      9.1
   1934.5   -151.1     22.7    -50.7      8.7     -7.6      4.5    -30.6      4.2    -48.6      9.9     15.3      9.1
   1935.4   -138.8     24.1    -50.1      8.1     -7.6      4.4    -29.5      4.2    -47.8      9.8     14.4      9.3
   1936.5   -144.6     23.3    -49.0      8.2     -7.5      4.3    -28.3      4.1    -46.7      9.6     16.2      9.1
   1937.5   -135.4     22.9    -47.8      7.8     -7.5      4.2    -27.6      4.0    -45.8      9.3     16.3      8.9
   1938.5   -125.9     21.9    -46.6      8.7     -7.4      4.2    -27.2      4.0    -44.8      9.3     15.6      9.0
   1939.4   -121.7     21.1    -45.2      8.5     -7.4      4.1    -26.7      4.0    -44.0      9.2     15.4      9.0
   1940.5   -132.4     21.6    -43.9      8.1     -7.3      4.0    -26.3      4.0    -43.0      9.1     15.9      9.0
   1941.5   -117.0     21.1    -43.1      8.4     -7.3      3.9    -25.7      4.0    -42.0      8.9     15.9      8.8
   1942.5   -116.9     19.8    -41.9      8.0     -7.2      3.9    -25.2      3.9    -41.1      8.7     14.9      8.9
   1943.4   -110.3     20.5    -40.2      8.1     -7.2      3.8    -24.5      3.9    -40.0      8.5     14.1      8.9
   1944.5   -118.9     19.8    -39.0      7.9     -7.1      3.7    -24.0      3.8    -38.8      8.3     15.5      8.8
   1945.5   -119.2     19.4    -38.9      7.8     -7.1      3.7    -24.0      3.8    -37.8      8.1     14.3      8.9
   1946.5   -104.5     18.8    -39.0      8.4     -7.0      3.7    -23.8      3.7    -36.9      8.0     14.4      8.8
   1947.4   -112.5     18.8    -39.5      8.2     -6.9      3.6    -23.3      3.7    -35.8      7.9     13.7      8.8
   1948.5   -104.6     18.9    -40.6      8.3     -6.9      3.5    -22.3      3.6    -34.9      7.8     13.4      8.7
   1949.5    -92.3     18.3    -41.2      7.7     -6.8      3.5    -21.2      3.6    -34.3      7.5     13.6      8.7
   1950.5    -96.2     18.6    -40.3      8.2     -6.8      3.4    -20.4      3.5    -33.2      7.6     12.3      8.7
   1951.4    -85.6     18.4    -39.4      8.2     -6.7      3.3    -19.7      3.5    -32.4      7.5     14.4      8.7
   1952.5    -85.6     18.1    -38.6      8.2     -6.7      3.3    -19.2      3.4    -31.5      7.4     14.7      8.3
   1953.5    -79.8     18.1    -38.6      8.4     -6.6      3.2    -18.7      3.4    -30.5      7.2     13.7      8.2
   1954.5    -89.9     17.1    -38.4      8.4     -6.6      3.1    -18.5      3.3    -29.7      7.2     13.8      8.5
   1955.4    -86.6     18.0    -38.4      7.7     -6.5      3.1    -18.2      3.2    -29.2      7.1     11.8      8.3
   1956.5   -100.0     16.3    -38.2      7.9     -6.5      3.0    -17.8      3.2    -28.3      7.0      9.1      8.2
   1957.5    -83.9     17.3    -37.7      3.9     -6.4      3.0    -17.1      3.1    -27.3      6.8      9.4      8.1
   1958.5    -85.7     14.8    -32.9      3.2     -6.3      3.0    -16.4      3.2    -26.6      6.6     11.1      7.9
   1959.4    -82.7     14.3    -34.9      4.2     -6.3      2.9    -16.3      3.0    -26.0      6.5     10.5      7.8
   1960.5    -76.9     13.9    -32.2      3.7     -6.2      2.8    -15.6      3.0    -25.3      6.4      9.9      7.6
   1961.5    -77.2     13.1    -30.3      3.6     -6.2      2.8    -14.9      3.0    -24.5      6.3      9.6      7.5
   1962.5    -79.1     12.5    -29.0      3.7     -6.1      2.7    -14.0      3.0    -23.7      6.2      8.8      7.3
   1963.4    -78.7     13.2    -30.3      3.9     -6.1      2.6    -13.8      2.8    -23.3      6.1      8.8      7.4
   1964.5    -82.8     13.2    -32.7      2.3     -6.0      2.6    -13.8      2.8    -23.3      6.3      8.6      7.1
   1965.5    -76.7     13.1    -33.1      1.8     -6.0      2.5    -13.3      2.8    -23.2      6.4      7.5      6.6
   1966.5    -82.7     12.8    -32.5      1.0     -5.9      2.4    -12.6      2.9    -22.9      6.1      6.8      6.5
   1967.4    -83.0     12.3    -33.7      1.9     -5.9      2.4    -12.2      2.8    -22.5      6.2      5.8      6.3
   1968.5    -85.0     12.1    -35.8      2.9     -5.8      2.3    -11.7      2.7    -22.3      6.1      4.0      6.0
   1969.5    -84.7     12.1    -35.1      2.8     -5.8      2.3    -11.3      2.7    -21.8      6.0      4.6      5.7
   1970.5    -84.9     12.1    -34.5      2.6     -5.7      2.3    -11.1      2.7    -21.6      5.8      3.5      5.5
   1971.4    -72.8     12.0    -32.4      1.9     -5.6      2.2    -10.6      2.6    -21.1      5.8      2.1      5.5
   1972.5    -78.5     11.9    -31.2      1.5     -5.6      2.2    -10.9      2.6    -21.0      5.4      2.2      5.2
   1973.5    -83.2     12.8    -30.5      2.6     -5.5      2.1    -11.0      2.4    -20.8      5.4      0.7      5.1
   1974.5    -76.8     12.5    -29.5      2.8     -5.5      2.1    -10.7      2.3    -20.4      5.4     -4.6      4.8
   1975.4    -68.1     11.7    -27.0      1.7     -5.4      2.0    -10.7      2.4    -20.0      5.3     -2.6      4.8
   1976.5    -78.1     11.1    -27.4      2.9     -5.4      2.0    -10.8      2.4    -19.9      5.2     -2.2      4.7
   1977.5    -73.5     11.4    -26.2      2.9     -5.3      1.9    -10.8      2.3    -19.4      5.1     -1.3      4.4
   1978.5    -78.1     10.7    -25.9      4.7     -5.3      1.9    -10.8      2.2    -18.8      4.9     -4.3      4.3
   1979.4    -68.3     11.7    -26.2      4.9     -5.2      1.8    -10.7      2.1    -18.1      4.6     -4.9      4.2
   1980.5    -70.6     11.0    -23.1      2.5     -5.2      1.8    -10.4      2.0    -17.7      4.6     -2.9      4.0
   1981.5    -53.4     10.9    -23.5      2.6     -5.1      1.9     -9.8      2.0    -17.2      4.8     -3.8      3.8
   1982.5    -61.6     10.8    -24.8      2.8     -5.0      1.8     -9.5      1.9    -16.9      4.6     -4.1      3.8
   1983.4    -58.2     10.8    -26.2      3.8     -5.0      1.8     -9.7      2.0    -16.6      4.7     -3.3      3.6
   1984.5    -58.6     10.9    -25.9      5.7     -4.9      1.8     -9.8      1.9    -16.0      4.5     -4.2      3.6
   1985.5    -64.2      9.8    -24.3      4.0     -4.9      1.8     -9.6      1.8    -15.5      4.4     -5.0      3.3
   1986.5    -56.9      9.9    -22.6      1.8     -4.8      1.8     -9.4      1.7    -15.1      4.4     -5.3      3.1
   1987.4    -59.4     10.2    -22.8      2.3     -4.8      1.8     -9.4      1.7    -14.8      4.2     -2.4      3.0
   1988.5    -62.1     10.6    -21.7      3.2     -4.7      1.7     -9.2      1.6    -14.3      4.2     -3.0      3.1
   1989.5    -54.9      9.6    -22.1      3.7     -4.7      1.7     -8.8      1.6    -13.8      4.1     -4.9      2.8
   1990.5    -51.7     10.0    -22.0      4.1     -4.6      1.7     -8.6      1.6    -13.0      3.9     -4.8      2.8
   1991.4    -59.2     13.7    -19.3      2.1     -4.6      1.7     -8.4      1.5    -12.3      3.8     -4.1      2.7
   1992.5    -59.9     10.6    -19.4      3.4     -4.7      1.7     -8.6      1.4    -12.1      3.6     -2.4      2.7
   1993.5    -58.9      9.9    -19.8      2.9     -4.7      1.8     -8.6      1.3    -11.4      3.5     -5.0      2.6
   1994.5    -56.1     12.8    -18.8      1.9     -4.3      1.7     -8.3      1.2    -10.7      3.3     -5.1      2.5
   1995.4    -45.2     15.2    -19.8      2.4     -4.1      1.6     -7.8      1.2     -9.8      3.1     -3.8      2.4
   1996.5    -49.8      8.7    -16.7      1.2     -4.0      1.5     -8.2      1.2     -9.6      2.8     -3.9      2.4
   1997.5    -36.2     11.2    -16.4      2.3     -3.8      1.4     -8.1      1.1     -8.9      2.3     -4.7      2.5
   1998.5    -35.8     10.0    -16.2      2.5     -3.7      1.3     -7.8      0.9     -8.0      2.2     -3.7      2.3
   1999.4    -32.7     15.6    -14.1      1.6     -3.4      1.2     -7.5      0.9     -7.4      1.9     -4.4      2.2
   2000.5    -30.5      8.7    -14.6      2.0     -3.1      1.1     -7.2      0.8     -6.9      1.8     -5.6      2.1
   2001.5    -28.5      9.5    -11.7      1.8     -3.0      1.1     -6.9      0.7     -6.3      1.4     -3.3      2.1
   2002.5    -18.7      7.4     -8.3      1.2     -2.9      0.9     -6.3      0.6     -5.7      1.1     -1.4      2.0
   2003.4    -14.9      7.7     -5.6      1.2     -2.6      0.7     -5.6      0.4     -4.8      0.3     -0.6      1.4
   2004.5    -29.1      7.7     -5.6      0.9     -2.1      0.6     -4.9      0.4     -4.0      0.3     -3.3      1.3
   2005.5    -22.8      7.8     -4.9      0.6     -2.2      0.5     -4.3      0.3     -3.5      0.3     -1.8      1.0
   2006.5    -11.1      7.8     -3.7      1.0     -2.4      0.4     -3.5      0.3     -2.6      0.3     -1.5      0.9
   2007.4    -16.9      7.0     -4.6      1.4     -1.8      0.4     -2.7      0.2     -2.0      0.2     -2.3      0.7
   2008.5     -9.4      7.8     -2.8      0.9     -1.0      0.3     -1.9      0.2     -1.4      0.2     -2.1      0.5
   2009.5     -7.3      7.5     -1.2      0.7     -1.1      0.2     -1.2      0.1     -0.8      0.1     -1.0      0.3
   2010.5     -2.9      8.5     -1.6      0.4     -0.2      0.1     -0.1      0.0      0.1      0.1     -0.5      0.2
   2011.4     -7.2      7.0     -0.5      0.4      0.1      0.1      1.2      0.0      0.7      0.1     -3.3      0.2
   2012.5     12.2      8.2      1.2      0.6      0.4      0.2      2.4      0.1      1.0      0.2      0.7      0.4
   2013.5      6.4      8.6      3.1      0.4      1.1      0.3      3.4      0.1      1.9      0.2      0.4      0.5
   2014.5     11.9      8.4      4.7      0.4      1.8      0.4      3.8      0.1      2.6      0.2     -0.8      0.8
   2015.4     17.9      8.7      6.7      0.8      2.7      0.5      4.4      0.2      3.4      0.2      3.3      1.0
   2016.5     23.9      8.4      6.5      0.8      2.5      0.6      5.2      0.2      4.1      0.2      5.0      1.3
   2017.5     32.4     10.0      8.0      0.5      2.7      0.8      5.8      0.3      5.0      0.3      2.8      1.6
   2018.5     35.6     10.6      8.6      0.8      3.8      0.9      6.0      0.4      5.3      0.4      2.0      1.8
