2007  0.0078
2008  0.0088
2009  0.0099
2010  0.0110
2011  0.0116
2012  0.0128
2013  0.0143
2014  0.0159
2015  0.0174
2016  0.0187
2017  0.0200
2018  0.0212
2019  0.0226
2020  0.0241
2021  0.0256
2022  0.0270
2023  0.0282
2024  0.0294
2025  0.0310
2026  0.0327
2027  0.0344
2028  0.0360
2029  0.0372
2030  0.0385
2031  0.0399
2032  0.0414
2033  0.0426
2034  0.0439
2035  0.0453
2036  0.0467
2037  0.0485
2038  0.0505
2039  0.0519
2040  0.0533
2041  0.0549
2042  0.0562
2043  0.0575
2044  0.0587
2045  0.0600
2046  0.0613
2047  0.0624
2048  0.0635
2049  0.0649
2050  0.0665
2051  0.0676
2052  0.0686
2053  0.0693
2054  0.0702
2055  0.0714
2056  0.0728
2057  0.0740
2058  0.0746
2059  0.0750
2060  0.0760
2061  0.0773
2062  0.0782
2063  0.0792
2064  0.0802
2065  0.0812
2066  0.0821
2067  0.0832
2068  0.0843
2069  0.0852
2070  0.0864
2071  0.0874
2072  0.0885
2073  0.0895
2074  0.0901
2075  0.0908
2076  0.0920
2077  0.0929
2078  0.0936
2079  0.0941
2080  0.0946
2081  0.0956
2082  0.0964
2083  0.0969
2084  0.0977
2085  0.0985
2086  0.0995
2087  0.1004
2088  0.1007
2089  0.1011
2090  0.1016
2091  0.1019
2092  0.1026
2093  0.1032
2094  0.1042
2095  0.1046
2096  0.1046
2097  0.1051
2098  0.1058
2099  0.1062
2100  0.1068
