2007  0.0016
2008  0.0017
2009  0.0018
2010  0.0019
2011  0.0021
2012  0.0022
2013  0.0024
2014  0.0025
2015  0.0027
2016  0.0029
2017  0.0031
2018  0.0033
2019  0.0035
2020  0.0037
2021  0.0039
2022  0.0041
2023  0.0044
2024  0.0046
2025  0.0049
2026  0.0051
2027  0.0054
2028  0.0057
2029  0.0059
2030  0.0062
2031  0.0065
2032  0.0068
2033  0.0071
2034  0.0073
2035  0.0076
2036  0.0079
2037  0.0083
2038  0.0086
2039  0.0089
2040  0.0092
2041  0.0096
2042  0.0099
2043  0.0102
2044  0.0106
2045  0.0109
2046  0.0113
2047  0.0116
2048  0.0120
2049  0.0123
2050  0.0127
2051  0.0131
2052  0.0134
2053  0.0138
2054  0.0141
2055  0.0145
2056  0.0149
2057  0.0153
2058  0.0156
2059  0.0160
2060  0.0164
2061  0.0167
2062  0.0171
2063  0.0175
2064  0.0179
2065  0.0182
2066  0.0186
2067  0.0190
2068  0.0194
2069  0.0198
2070  0.0202
2071  0.0205
2072  0.0209
2073  0.0213
2074  0.0216
2075  0.0220
2076  0.0224
2077  0.0227
2078  0.0231
2079  0.0235
2080  0.0239
2081  0.0242
2082  0.0246
2083  0.0250
2084  0.0253
2085  0.0257
2086  0.0260
2087  0.0264
2088  0.0268
2089  0.0272
2090  0.0275
2091  0.0279
2092  0.0282
2093  0.0286
2094  0.0290
2095  0.0294
2096  0.0298
2097  0.0301
2098  0.0305
2099  0.0309
2100  0.0312
