2007  0.0132
2008  0.0144
2009  0.0160
2010  0.0176
2011  0.0188
2012  0.0206
2013  0.0225
2014  0.0241
2015  0.0256
2016  0.0271
2017  0.0288
2018  0.0305
2019  0.0322
2020  0.0340
2021  0.0355
2022  0.0373
2023  0.0391
2024  0.0408
2025  0.0427
2026  0.0447
2027  0.0467
2028  0.0485
2029  0.0502
2030  0.0519
2031  0.0535
2032  0.0553
2033  0.0572
2034  0.0591
2035  0.0608
2036  0.0625
2037  0.0644
2038  0.0663
2039  0.0680
2040  0.0697
2041  0.0717
2042  0.0734
2043  0.0748
2044  0.0764
2045  0.0781
2046  0.0799
2047  0.0816
2048  0.0831
2049  0.0848
2050  0.0867
2051  0.0882
2052  0.0897
2053  0.0914
2054  0.0929
2055  0.0945
2056  0.0962
2057  0.0980
2058  0.0995
2059  0.1008
2060  0.1025
2061  0.1040
2062  0.1054
2063  0.1069
2064  0.1085
2065  0.1100
2066  0.1112
2067  0.1124
2068  0.1138
2069  0.1155
2070  0.1170
2071  0.1181
2072  0.1191
2073  0.1207
2074  0.1221
2075  0.1234
2076  0.1251
2077  0.1265
2078  0.1277
2079  0.1289
2080  0.1300
2081  0.1314
2082  0.1325
2083  0.1335
2084  0.1346
2085  0.1361
2086  0.1376
2087  0.1389
2088  0.1398
2089  0.1409
2090  0.1420
2091  0.1430
2092  0.1441
2093  0.1453
2094  0.1465
2095  0.1475
2096  0.1483
2097  0.1491
2098  0.1503
2099  0.1513
2100  0.1525
