2006  0.3378
2007  0.3203
2008  0.3660
2009  0.3884
2010  0.4058
2011  0.4395
2012  0.5440
2013  0.5624
2014  0.5747
2015  0.5672
2016  0.6025
2017  0.6065
2018  0.6057
2019  0.6317
2020  0.6812
2021  0.7034
2022  0.7845
2023  0.8623
2024  0.8163
2025  0.7948
2026  0.8227
2027  0.8154
2028  0.8339
2029  0.8450
2030  0.8948
2031  0.8756
2032  0.8781
2033  0.8659
2034  0.9023
2035  0.9752
2036  0.9634
2037  1.0040
2038  1.0133
2039  0.9744
2040  0.9930
2041  1.0516
2042  1.0231
2043  1.0203
2044  1.0482
2045  1.0282
2046  1.0579
2047  1.0880
2048  1.1161
2049  1.1166
2050  1.1163
2051  1.0493
2052  1.0860
2053  1.0922
2054  1.1112
2055  1.1198
2056  1.1431
2057  1.1136
2058  1.0902
2059  1.0876
2060  1.1388
2061  1.1601
2062  1.1524
2063  1.0955
2064  1.1033
2065  1.1630
2066  1.1625
2067  1.1652
2068  1.1233
2069  1.1186
2070  1.1301
2071  1.1199
2072  1.0764
2073  1.1114
2074  1.1082
2075  1.1065
2076  1.1402
2077  1.0835
2078  1.1159
2079  1.1481
2080  1.0903
2081  1.0695
2082  1.1399
2083  1.1010
2084  1.0728
2085  1.1270
2086  1.1167
2087  1.1196
2088  1.1247
2089  1.1156
2090  1.0735
2091  1.0809
2092  1.1480
2093  1.1467
2094  1.1257
2095  1.0983
2096  1.1339
2097  1.1121
2098  1.0864
2099  1.1289
