2007  0.0243
2008  0.0266
2009  0.0292
2010  0.0316
2011  0.0333
2012  0.0357
2013  0.0388
2014  0.0423
2015  0.0454
2016  0.0483
2017  0.0514
2018  0.0541
2019  0.0567
2020  0.0597
2021  0.0627
2022  0.0659
2023  0.0688
2024  0.0718
2025  0.0751
2026  0.0785
2027  0.0821
2028  0.0856
2029  0.0887
2030  0.0919
2031  0.0951
2032  0.0984
2033  0.1014
2034  0.1043
2035  0.1075
2036  0.1109
2037  0.1146
2038  0.1184
2039  0.1218
2040  0.1250
2041  0.1285
2042  0.1318
2043  0.1349
2044  0.1378
2045  0.1411
2046  0.1442
2047  0.1472
2048  0.1501
2049  0.1534
2050  0.1568
2051  0.1597
2052  0.1625
2053  0.1650
2054  0.1677
2055  0.1705
2056  0.1737
2057  0.1768
2058  0.1793
2059  0.1813
2060  0.1841
2061  0.1870
2062  0.1898
2063  0.1925
2064  0.1952
2065  0.1979
2066  0.2006
2067  0.2032
2068  0.2059
2069  0.2087
2070  0.2115
2071  0.2142
2072  0.2168
2073  0.2193
2074  0.2216
2075  0.2239
2076  0.2267
2077  0.2293
2078  0.2315
2079  0.2336
2080  0.2359
2081  0.2384
2082  0.2407
2083  0.2429
2084  0.2452
2085  0.2476
2086  0.2501
2087  0.2525
2088  0.2545
2089  0.2566
2090  0.2586
2091  0.2605
2092  0.2626
2093  0.2648
2094  0.2672
2095  0.2692
2096  0.2708
2097  0.2728
2098  0.2749
2099  0.2768
2100  0.2789
