2007 -0.0001
2008 -0.0001
2009 -0.0002
2010 -0.0003
2011 -0.0004
2012 -0.0005
2013 -0.0006
2014 -0.0008
2015 -0.0009
2016 -0.0010
2017 -0.0012
2018 -0.0013
2019 -0.0014
2020 -0.0016
2021 -0.0017
2022 -0.0019
2023 -0.0021
2024 -0.0023
2025 -0.0024
2026 -0.0026
2027 -0.0028
2028 -0.0030
2029 -0.0032
2030 -0.0034
2031 -0.0036
2032 -0.0038
2033 -0.0040
2034 -0.0042
2035 -0.0044
2036 -0.0046
2037 -0.0048
2038 -0.0051
2039 -0.0053
2040 -0.0055
2041 -0.0057
2042 -0.0060
2043 -0.0062
2044 -0.0064
2045 -0.0067
2046 -0.0069
2047 -0.0072
2048 -0.0074
2049 -0.0077
2050 -0.0079
2051 -0.0082
2052 -0.0084
2053 -0.0087
2054 -0.0089
2055 -0.0092
2056 -0.0094
2057 -0.0097
2058 -0.0099
2059 -0.0102
2060 -0.0104
2061 -0.0107
2062 -0.0109
2063 -0.0112
2064 -0.0115
2065 -0.0117
2066 -0.0120
2067 -0.0122
2068 -0.0125
2069 -0.0128
2070 -0.0130
2071 -0.0133
2072 -0.0135
2073 -0.0138
2074 -0.0140
2075 -0.0143
2076 -0.0145
2077 -0.0148
2078 -0.0150
2079 -0.0153
2080 -0.0155
2081 -0.0158
2082 -0.0160
2083 -0.0163
2084 -0.0165
2085 -0.0168
2086 -0.0170
2087 -0.0173
2088 -0.0175
2089 -0.0178
2090 -0.0181
2091 -0.0183
2092 -0.0185
2093 -0.0188
2094 -0.0191
2095 -0.0193
2096 -0.0196
2097 -0.0198
2098 -0.0201
2099 -0.0203
2100 -0.0206
