2007  0.0379
2008  0.0426
2009  0.0477
2010  0.0529
2011  0.0578
2012  0.0635
2013  0.0691
2014  0.0738
2015  0.0785
2016  0.0834
2017  0.0887
2018  0.0942
2019  0.0996
2020  0.1049
2021  0.1100
2022  0.1154
2023  0.1213
2024  0.1273
2025  0.1331
2026  0.1390
2027  0.1447
2028  0.1501
2029  0.1557
2030  0.1613
2031  0.1668
2032  0.1725
2033  0.1787
2034  0.1848
2035  0.1907
2036  0.1965
2037  0.2022
2038  0.2080
2039  0.2138
2040  0.2197
2041  0.2259
2042  0.2318
2043  0.2374
2044  0.2436
2045  0.2495
2046  0.2557
2047  0.2620
2048  0.2681
2049  0.2743
2050  0.2808
2051  0.2870
2052  0.2931
2053  0.3000
2054  0.3064
2055  0.3127
2056  0.3190
2057  0.3257
2058  0.3324
2059  0.3390
2060  0.3456
2061  0.3519
2062  0.3584
2063  0.3648
2064  0.3714
2065  0.3779
2066  0.3841
2067  0.3902
2068  0.3967
2069  0.4035
2070  0.4099
2071  0.4159
2072  0.4217
2073  0.4284
2074  0.4353
2075  0.4420
2076  0.4489
2077  0.4556
2078  0.4621
2079  0.4686
2080  0.4753
2081  0.4818
2082  0.4882
2083  0.4947
2084  0.5010
2085  0.5078
2086  0.5149
2087  0.5216
2088  0.5282
2089  0.5350
2090  0.5417
2091  0.5484
2092  0.5551
2093  0.5621
2094  0.5688
2095  0.5756
2096  0.5821
2097  0.5887
2098  0.5956
2099  0.6025
2100  0.6097
