2007  0.0132
2008  0.0154
2009  0.0174
2010  0.0194
2011  0.0213
2012  0.0233
2013  0.0253
2014  0.0272
2015  0.0291
2016  0.0309
2017  0.0327
2018  0.0346
2019  0.0365
2020  0.0383
2021  0.0402
2022  0.0420
2023  0.0440
2024  0.0461
2025  0.0481
2026  0.0499
2027  0.0517
2028  0.0535
2029  0.0552
2030  0.0569
2031  0.0588
2032  0.0606
2033  0.0623
2034  0.0641
2035  0.0659
2036  0.0677
2037  0.0695
2038  0.0713
2039  0.0731
2040  0.0748
2041  0.0765
2042  0.0784
2043  0.0801
2044  0.0819
2045  0.0836
2046  0.0853
2047  0.0871
2048  0.0888
2049  0.0906
2050  0.0925
2051  0.0942
2052  0.0959
2053  0.0977
2054  0.0994
2055  0.1012
2056  0.1029
2057  0.1046
2058  0.1063
2059  0.1081
2060  0.1098
2061  0.1115
2062  0.1132
2063  0.1149
2064  0.1165
2065  0.1181
2066  0.1198
2067  0.1215
2068  0.1231
2069  0.1247
2070  0.1263
2071  0.1278
2072  0.1294
2073  0.1309
2074  0.1325
2075  0.1341
2076  0.1357
2077  0.1372
2078  0.1387
2079  0.1402
2080  0.1417
2081  0.1432
2082  0.1446
2083  0.1461
2084  0.1476
2085  0.1490
2086  0.1504
2087  0.1519
2088  0.1533
2089  0.1547
2090  0.1562
2091  0.1576
2092  0.1589
2093  0.1604
2094  0.1619
2095  0.1633
2096  0.1646
2097  0.1660
2098  0.1674
2099  0.1688
2100  0.1702
