2007  0.0113
2008  0.0124
2009  0.0135
2010  0.0146
2011  0.0156
2012  0.0166
2013  0.0178
2014  0.0189
2015  0.0201
2016  0.0211
2017  0.0222
2018  0.0233
2019  0.0243
2020  0.0253
2021  0.0264
2022  0.0275
2023  0.0287
2024  0.0300
2025  0.0312
2026  0.0323
2027  0.0335
2028  0.0346
2029  0.0357
2030  0.0368
2031  0.0380
2032  0.0391
2033  0.0402
2034  0.0413
2035  0.0424
2036  0.0436
2037  0.0447
2038  0.0459
2039  0.0471
2040  0.0482
2041  0.0493
2042  0.0505
2043  0.0516
2044  0.0528
2045  0.0539
2046  0.0550
2047  0.0561
2048  0.0573
2049  0.0584
2050  0.0596
2051  0.0607
2052  0.0618
2053  0.0629
2054  0.0639
2055  0.0650
2056  0.0661
2057  0.0673
2058  0.0683
2059  0.0694
2060  0.0704
2061  0.0715
2062  0.0726
2063  0.0736
2064  0.0746
2065  0.0757
2066  0.0767
2067  0.0778
2068  0.0788
2069  0.0798
2070  0.0808
2071  0.0818
2072  0.0828
2073  0.0838
2074  0.0847
2075  0.0857
2076  0.0866
2077  0.0876
2078  0.0885
2079  0.0895
2080  0.0905
2081  0.0914
2082  0.0923
2083  0.0932
2084  0.0941
2085  0.0950
2086  0.0960
2087  0.0969
2088  0.0978
2089  0.0987
2090  0.0996
2091  0.1005
2092  0.1013
2093  0.1023
2094  0.1032
2095  0.1041
2096  0.1049
2097  0.1058
2098  0.1067
2099  0.1076
2100  0.1085
