2007  0.0045
2008  0.0050
2009  0.0055
2010  0.0060
2011  0.0064
2012  0.0069
2013  0.0074
2014  0.0079
2015  0.0083
2016  0.0088
2017  0.0093
2018  0.0097
2019  0.0101
2020  0.0106
2021  0.0110
2022  0.0114
2023  0.0118
2024  0.0122
2025  0.0126
2026  0.0131
2027  0.0134
2028  0.0138
2029  0.0142
2030  0.0146
2031  0.0150
2032  0.0153
2033  0.0157
2034  0.0160
2035  0.0163
2036  0.0167
2037  0.0170
2038  0.0173
2039  0.0176
2040  0.0179
2041  0.0181
2042  0.0184
2043  0.0187
2044  0.0190
2045  0.0192
2046  0.0195
2047  0.0197
2048  0.0200
2049  0.0203
2050  0.0205
2051  0.0208
2052  0.0210
2053  0.0212
2054  0.0215
2055  0.0217
2056  0.0219
2057  0.0221
2058  0.0223
2059  0.0225
2060  0.0227
2061  0.0229
2062  0.0231
2063  0.0233
2064  0.0235
2065  0.0236
2066  0.0238
2067  0.0239
2068  0.0241
2069  0.0242
2070  0.0244
2071  0.0245
2072  0.0246
2073  0.0248
2074  0.0249
2075  0.0250
2076  0.0251
2077  0.0252
2078  0.0253
2079  0.0254
2080  0.0254
2081  0.0255
2082  0.0256
2083  0.0256
2084  0.0257
2085  0.0258
2086  0.0258
2087  0.0258
2088  0.0259
2089  0.0259
2090  0.0259
2091  0.0259
2092  0.0260
2093  0.0260
2094  0.0260
2095  0.0260
2096  0.0259
2097  0.0259
2098  0.0259
2099  0.0259
2100  0.0258
