2007  0.0034
2008  0.0038
2009  0.0042
2010  0.0047
2011  0.0052
2012  0.0057
2013  0.0062
2014  0.0067
2015  0.0072
2016  0.0078
2017  0.0083
2018  0.0089
2019  0.0094
2020  0.0100
2021  0.0105
2022  0.0111
2023  0.0117
2024  0.0124
2025  0.0130
2026  0.0137
2027  0.0143
2028  0.0149
2029  0.0156
2030  0.0163
2031  0.0169
2032  0.0176
2033  0.0183
2034  0.0190
2035  0.0196
2036  0.0204
2037  0.0211
2038  0.0218
2039  0.0226
2040  0.0233
2041  0.0240
2042  0.0248
2043  0.0256
2044  0.0263
2045  0.0271
2046  0.0279
2047  0.0286
2048  0.0294
2049  0.0302
2050  0.0311
2051  0.0319
2052  0.0327
2053  0.0335
2054  0.0343
2055  0.0351
2056  0.0359
2057  0.0368
2058  0.0376
2059  0.0384
2060  0.0392
2061  0.0401
2062  0.0409
2063  0.0418
2064  0.0426
2065  0.0435
2066  0.0444
2067  0.0452
2068  0.0461
2069  0.0470
2070  0.0478
2071  0.0487
2072  0.0496
2073  0.0504
2074  0.0513
2075  0.0522
2076  0.0531
2077  0.0540
2078  0.0548
2079  0.0557
2080  0.0566
2081  0.0575
2082  0.0584
2083  0.0593
2084  0.0602
2085  0.0611
2086  0.0620
2087  0.0629
2088  0.0638
2089  0.0647
2090  0.0656
2091  0.0666
2092  0.0675
2093  0.0684
2094  0.0693
2095  0.0703
2096  0.0712
2097  0.0722
2098  0.0731
2099  0.0740
2100  0.0750
