2007  0.0313
2008  0.0349
2009  0.0388
2010  0.0426
2011  0.0460
2012  0.0502
2013  0.0545
2014  0.0585
2015  0.0624
2016  0.0663
2017  0.0704
2018  0.0745
2019  0.0786
2020  0.0827
2021  0.0868
2022  0.0910
2023  0.0954
2024  0.0999
2025  0.1044
2026  0.1090
2027  0.1136
2028  0.1180
2029  0.1223
2030  0.1267
2031  0.1310
2032  0.1354
2033  0.1400
2034  0.1445
2035  0.1490
2036  0.1535
2037  0.1581
2038  0.1628
2039  0.1673
2040  0.1719
2041  0.1766
2042  0.1812
2043  0.1855
2044  0.1900
2045  0.1945
2046  0.1992
2047  0.2038
2048  0.2082
2049  0.2129
2050  0.2178
2051  0.2223
2052  0.2267
2053  0.2313
2054  0.2358
2055  0.2404
2056  0.2451
2057  0.2499
2058  0.2545
2059  0.2588
2060  0.2634
2061  0.2680
2062  0.2726
2063  0.2771
2064  0.2817
2065  0.2863
2066  0.2906
2067  0.2949
2068  0.2995
2069  0.3043
2070  0.3089
2071  0.3131
2072  0.3172
2073  0.3218
2074  0.3264
2075  0.3309
2076  0.3357
2077  0.3403
2078  0.3446
2079  0.3490
2080  0.3534
2081  0.3579
2082  0.3622
2083  0.3664
2084  0.3707
2085  0.3753
2086  0.3801
2087  0.3846
2088  0.3889
2089  0.3933
2090  0.3977
2091  0.4019
2092  0.4063
2093  0.4109
2094  0.4154
2095  0.4198
2096  0.4238
2097  0.4281
2098  0.4326
2099  0.4370
2100  0.4416
