2007 -0.0002
2008 -0.0004
2009 -0.0006
2010 -0.0008
2011 -0.0010
2012 -0.0013
2013 -0.0016
2014 -0.0019
2015 -0.0022
2016 -0.0025
2017 -0.0028
2018 -0.0031
2019 -0.0035
2020 -0.0038
2021 -0.0042
2022 -0.0045
2023 -0.0049
2024 -0.0054
2025 -0.0058
2026 -0.0062
2027 -0.0066
2028 -0.0070
2029 -0.0074
2030 -0.0078
2031 -0.0083
2032 -0.0087
2033 -0.0092
2034 -0.0096
2035 -0.0101
2036 -0.0106
2037 -0.0110
2038 -0.0115
2039 -0.0120
2040 -0.0125
2041 -0.0130
2042 -0.0135
2043 -0.0140
2044 -0.0145
2045 -0.0150
2046 -0.0155
2047 -0.0160
2048 -0.0166
2049 -0.0171
2050 -0.0177
2051 -0.0182
2052 -0.0187
2053 -0.0193
2054 -0.0199
2055 -0.0204
2056 -0.0210
2057 -0.0215
2058 -0.0221
2059 -0.0227
2060 -0.0233
2061 -0.0238
2062 -0.0244
2063 -0.0250
2064 -0.0256
2065 -0.0261
2066 -0.0267
2067 -0.0273
2068 -0.0279
2069 -0.0285
2070 -0.0290
2071 -0.0296
2072 -0.0302
2073 -0.0307
2074 -0.0313
2075 -0.0319
2076 -0.0325
2077 -0.0331
2078 -0.0336
2079 -0.0342
2080 -0.0348
2081 -0.0353
2082 -0.0359
2083 -0.0365
2084 -0.0370
2085 -0.0376
2086 -0.0381
2087 -0.0387
2088 -0.0393
2089 -0.0398
2090 -0.0404
2091 -0.0410
2092 -0.0415
2093 -0.0421
2094 -0.0427
2095 -0.0433
2096 -0.0438
2097 -0.0444
2098 -0.0450
2099 -0.0455
2100 -0.0461
