2007  0.0099
2008  0.0100
2009  0.0102
2010  0.0104
2011  0.0104
2012  0.0104
2013  0.0108
2014  0.0114
2015  0.0117
2016  0.0121
2017  0.0126
2018  0.0128
2019  0.0129
2020  0.0131
2021  0.0134
2022  0.0138
2023  0.0143
2024  0.0147
2025  0.0151
2026  0.0156
2027  0.0162
2028  0.0167
2029  0.0174
2030  0.0179
2031  0.0185
2032  0.0189
2033  0.0193
2034  0.0197
2035  0.0201
2036  0.0207
2037  0.0213
2038  0.0219
2039  0.0225
2040  0.0231
2041  0.0237
2042  0.0242
2043  0.0248
2044  0.0252
2045  0.0258
2046  0.0263
2047  0.0269
2048  0.0274
2049  0.0279
2050  0.0284
2051  0.0289
2052  0.0293
2053  0.0297
2054  0.0301
2055  0.0305
2056  0.0309
2057  0.0314
2058  0.0319
2059  0.0321
2060  0.0324
2061  0.0328
2062  0.0333
2063  0.0337
2064  0.0341
2065  0.0345
2066  0.0349
2067  0.0352
2068  0.0356
2069  0.0361
2070  0.0365
2071  0.0369
2072  0.0373
2073  0.0376
2074  0.0378
2075  0.0381
2076  0.0384
2077  0.0388
2078  0.0391
2079  0.0394
2080  0.0398
2081  0.0402
2082  0.0405
2083  0.0409
2084  0.0412
2085  0.0415
2086  0.0419
2087  0.0422
2088  0.0426
2089  0.0430
2090  0.0433
2091  0.0436
2092  0.0439
2093  0.0443
2094  0.0446
2095  0.0449
2096  0.0453
2097  0.0456
2098  0.0459
2099  0.0462
2100  0.0465
