2007  0.0028
2008  0.0032
2009  0.0035
2010  0.0039
2011  0.0042
2012  0.0046
2013  0.0049
2014  0.0053
2015  0.0056
2016  0.0060
2017  0.0064
2018  0.0068
2019  0.0071
2020  0.0075
2021  0.0079
2022  0.0083
2023  0.0087
2024  0.0091
2025  0.0094
2026  0.0099
2027  0.0103
2028  0.0107
2029  0.0111
2030  0.0115
2031  0.0120
2032  0.0124
2033  0.0129
2034  0.0133
2035  0.0138
2036  0.0142
2037  0.0147
2038  0.0152
2039  0.0156
2040  0.0161
2041  0.0166
2042  0.0171
2043  0.0176
2044  0.0181
2045  0.0186
2046  0.0192
2047  0.0197
2048  0.0203
2049  0.0208
2050  0.0214
2051  0.0219
2052  0.0225
2053  0.0231
2054  0.0237
2055  0.0243
2056  0.0249
2057  0.0255
2058  0.0262
2059  0.0268
2060  0.0275
2061  0.0281
2062  0.0288
2063  0.0294
2064  0.0301
2065  0.0308
2066  0.0315
2067  0.0322
2068  0.0329
2069  0.0337
2070  0.0344
2071  0.0352
2072  0.0359
2073  0.0367
2074  0.0375
2075  0.0383
2076  0.0391
2077  0.0399
2078  0.0407
2079  0.0415
2080  0.0423
2081  0.0432
2082  0.0441
2083  0.0449
2084  0.0458
2085  0.0467
2086  0.0476
2087  0.0485
2088  0.0494
2089  0.0504
2090  0.0513
2091  0.0522
2092  0.0532
2093  0.0542
2094  0.0551
2095  0.0561
2096  0.0571
2097  0.0581
2098  0.0591
2099  0.0602
2100  0.0612
