2007  0.0035
2008  0.0041
2009  0.0048
2010  0.0054
2011  0.0061
2012  0.0068
2013  0.0076
2014  0.0084
2015  0.0092
2016  0.0100
2017  0.0108
2018  0.0116
2019  0.0125
2020  0.0134
2021  0.0143
2022  0.0153
2023  0.0163
2024  0.0173
2025  0.0184
2026  0.0194
2027  0.0204
2028  0.0214
2029  0.0224
2030  0.0234
2031  0.0245
2032  0.0256
2033  0.0267
2034  0.0279
2035  0.0290
2036  0.0302
2037  0.0313
2038  0.0325
2039  0.0337
2040  0.0349
2041  0.0361
2042  0.0374
2043  0.0386
2044  0.0399
2045  0.0411
2046  0.0424
2047  0.0437
2048  0.0450
2049  0.0464
2050  0.0478
2051  0.0491
2052  0.0505
2053  0.0519
2054  0.0532
2055  0.0547
2056  0.0561
2057  0.0575
2058  0.0589
2059  0.0604
2060  0.0618
2061  0.0632
2062  0.0647
2063  0.0662
2064  0.0676
2065  0.0690
2066  0.0705
2067  0.0721
2068  0.0736
2069  0.0750
2070  0.0765
2071  0.0780
2072  0.0795
2073  0.0809
2074  0.0824
2075  0.0839
2076  0.0855
2077  0.0870
2078  0.0885
2079  0.0900
2080  0.0915
2081  0.0930
2082  0.0944
2083  0.0959
2084  0.0975
2085  0.0990
2086  0.1005
2087  0.1020
2088  0.1035
2089  0.1051
2090  0.1066
2091  0.1081
2092  0.1096
2093  0.1112
2094  0.1128
2095  0.1143
2096  0.1158
2097  0.1174
2098  0.1190
2099  0.1206
2100  0.1222
