2006  0.0595
2007  0.0213
2008  0.0680
2009  0.0317
2010  0.0184
2011 -0.0052
2012  0.1229
2013  0.2165
2014  0.1586
2015  0.1679
2016  0.2176
2017  0.1034
2018  0.0276
2019  0.1076
2020  0.1594
2021  0.2402
2022  0.2382
2023  0.2588
2024  0.2277
2025  0.2755
2026  0.3502
2027  0.3467
2028  0.3986
2029  0.3751
2030  0.3458
2031  0.3310
2032  0.2910
2033  0.2465
2034  0.3121
2035  0.4503
2036  0.4296
2037  0.4797
2038  0.4643
2039  0.4236
2040  0.4779
2041  0.4570
2042  0.4519
2043  0.3762
2044  0.5026
2045  0.4366
2046  0.4701
2047  0.4646
2048  0.4743
2049  0.4090
2050  0.4489
2051  0.4085
2052  0.3411
2053  0.4020
2054  0.3752
2055  0.4374
2056  0.4843
2057  0.4285
2058  0.2576
2059  0.3293
2060  0.3927
2061  0.4584
2062  0.4373
2063  0.3528
2064  0.4196
2065  0.4103
2066  0.3321
2067  0.4391
2068  0.4755
2069  0.4494
2070  0.4035
2071  0.3810
2072  0.3325
2073  0.3033
2074  0.3006
2075  0.3220
2076  0.4115
2077  0.3167
2078  0.3880
2079  0.4410
2080  0.3800
2081  0.3472
2082  0.4695
2083  0.3400
2084  0.3564
2085  0.3879
2086  0.4103
2087  0.4167
2088  0.4343
2089  0.4283
2090  0.2937
2091  0.4096
2092  0.3768
2093  0.4170
2094  0.4045
2095  0.4155
2096  0.3934
2097  0.3346
2098  0.3540
2099  0.3348
