2007  0.0032
2008  0.0036
2009  0.0039
2010  0.0042
2011  0.0046
2012  0.0049
2013  0.0053
2014  0.0056
2015  0.0060
2016  0.0064
2017  0.0067
2018  0.0071
2019  0.0075
2020  0.0078
2021  0.0082
2022  0.0086
2023  0.0090
2024  0.0094
2025  0.0098
2026  0.0102
2027  0.0106
2028  0.0110
2029  0.0115
2030  0.0119
2031  0.0123
2032  0.0127
2033  0.0132
2034  0.0136
2035  0.0140
2036  0.0145
2037  0.0149
2038  0.0154
2039  0.0158
2040  0.0163
2041  0.0167
2042  0.0172
2043  0.0176
2044  0.0181
2045  0.0186
2046  0.0190
2047  0.0195
2048  0.0200
2049  0.0204
2050  0.0209
2051  0.0214
2052  0.0218
2053  0.0223
2054  0.0227
2055  0.0232
2056  0.0237
2057  0.0241
2058  0.0246
2059  0.0250
2060  0.0255
2061  0.0259
2062  0.0264
2063  0.0269
2064  0.0274
2065  0.0278
2066  0.0283
2067  0.0288
2068  0.0292
2069  0.0297
2070  0.0302
2071  0.0307
2072  0.0311
2073  0.0315
2074  0.0320
2075  0.0324
2076  0.0329
2077  0.0334
2078  0.0338
2079  0.0343
2080  0.0347
2081  0.0352
2082  0.0356
2083  0.0361
2084  0.0365
2085  0.0370
2086  0.0374
2087  0.0379
2088  0.0384
2089  0.0388
2090  0.0393
2091  0.0397
2092  0.0401
2093  0.0406
2094  0.0411
2095  0.0415
2096  0.0419
2097  0.0424
2098  0.0428
2099  0.0433
2100  0.0437
