2007  0.0186
2008  0.0201
2009  0.0221
2010  0.0241
2011  0.0260
2012  0.0284
2013  0.0307
2014  0.0323
2015  0.0337
2016  0.0355
2017  0.0376
2018  0.0398
2019  0.0418
2020  0.0438
2021  0.0455
2022  0.0476
2023  0.0500
2024  0.0523
2025  0.0544
2026  0.0568
2027  0.0591
2028  0.0610
2029  0.0632
2030  0.0653
2031  0.0672
2032  0.0692
2033  0.0718
2034  0.0742
2035  0.0764
2036  0.0784
2037  0.0802
2038  0.0822
2039  0.0841
2040  0.0862
2041  0.0885
2042  0.0905
2043  0.0921
2044  0.0942
2045  0.0962
2046  0.0985
2047  0.1008
2048  0.1028
2049  0.1047
2050  0.1069
2051  0.1089
2052  0.1108
2053  0.1135
2054  0.1157
2055  0.1176
2056  0.1196
2057  0.1219
2058  0.1244
2059  0.1266
2060  0.1289
2061  0.1306
2062  0.1327
2063  0.1345
2064  0.1367
2065  0.1388
2066  0.1403
2067  0.1416
2068  0.1434
2069  0.1458
2070  0.1476
2071  0.1489
2072  0.1497
2073  0.1518
2074  0.1541
2075  0.1560
2076  0.1582
2077  0.1601
2078  0.1618
2079  0.1636
2080  0.1655
2081  0.1671
2082  0.1687
2083  0.1702
2084  0.1716
2085  0.1736
2086  0.1757
2087  0.1773
2088  0.1790
2089  0.1808
2090  0.1825
2091  0.1840
2092  0.1857
2093  0.1875
2094  0.1889
2095  0.1904
2096  0.1919
2097  0.1931
2098  0.1947
2099  0.1964
2100  0.1983
