2007  0.0026
2008  0.0027
2009  0.0028
2010  0.0028
2011  0.0029
2012  0.0029
2013  0.0029
2014  0.0028
2015  0.0028
2016  0.0027
2017  0.0027
2018  0.0026
2019  0.0025
2020  0.0024
2021  0.0023
2022  0.0021
2023  0.0020
2024  0.0018
2025  0.0016
2026  0.0014
2027  0.0012
2028  0.0009
2029  0.0007
2030  0.0005
2031  0.0003
2032 -0.0000
2033 -0.0003
2034 -0.0006
2035 -0.0008
2036 -0.0012
2037 -0.0015
2038 -0.0018
2039 -0.0022
2040 -0.0025
2041 -0.0029
2042 -0.0033
2043 -0.0037
2044 -0.0041
2045 -0.0045
2046 -0.0049
2047 -0.0053
2048 -0.0057
2049 -0.0062
2050 -0.0066
2051 -0.0071
2052 -0.0076
2053 -0.0081
2054 -0.0086
2055 -0.0091
2056 -0.0096
2057 -0.0101
2058 -0.0106
2059 -0.0112
2060 -0.0117
2061 -0.0123
2062 -0.0128
2063 -0.0134
2064 -0.0139
2065 -0.0145
2066 -0.0151
2067 -0.0157
2068 -0.0163
2069 -0.0169
2070 -0.0175
2071 -0.0182
2072 -0.0188
2073 -0.0194
2074 -0.0201
2075 -0.0207
2076 -0.0214
2077 -0.0220
2078 -0.0227
2079 -0.0234
2080 -0.0241
2081 -0.0247
2082 -0.0254
2083 -0.0261
2084 -0.0269
2085 -0.0276
2086 -0.0282
2087 -0.0290
2088 -0.0297
2089 -0.0305
2090 -0.0312
2091 -0.0319
2092 -0.0327
2093 -0.0335
2094 -0.0343
2095 -0.0350
2096 -0.0358
2097 -0.0366
2098 -0.0374
2099 -0.0382
2100 -0.0390
