2007  0.0017
2008  0.0020
2009  0.0023
2010  0.0026
2011  0.0029
2012  0.0033
2013  0.0037
2014  0.0042
2015  0.0046
2016  0.0050
2017  0.0055
2018  0.0060
2019  0.0065
2020  0.0070
2021  0.0076
2022  0.0081
2023  0.0087
2024  0.0094
2025  0.0101
2026  0.0107
2027  0.0113
2028  0.0119
2029  0.0126
2030  0.0132
2031  0.0139
2032  0.0146
2033  0.0153
2034  0.0160
2035  0.0167
2036  0.0175
2037  0.0182
2038  0.0190
2039  0.0198
2040  0.0205
2041  0.0213
2042  0.0221
2043  0.0229
2044  0.0238
2045  0.0246
2046  0.0254
2047  0.0262
2048  0.0271
2049  0.0280
2050  0.0290
2051  0.0299
2052  0.0307
2053  0.0317
2054  0.0326
2055  0.0335
2056  0.0344
2057  0.0354
2058  0.0363
2059  0.0373
2060  0.0382
2061  0.0392
2062  0.0401
2063  0.0411
2064  0.0421
2065  0.0430
2066  0.0440
2067  0.0450
2068  0.0460
2069  0.0469
2070  0.0478
2071  0.0488
2072  0.0498
2073  0.0507
2074  0.0517
2075  0.0526
2076  0.0536
2077  0.0546
2078  0.0555
2079  0.0565
2080  0.0574
2081  0.0584
2082  0.0593
2083  0.0602
2084  0.0612
2085  0.0621
2086  0.0630
2087  0.0640
2088  0.0649
2089  0.0658
2090  0.0668
2091  0.0677
2092  0.0686
2093  0.0696
2094  0.0705
2095  0.0715
2096  0.0724
2097  0.0734
2098  0.0743
2099  0.0753
2100  0.0763
