2007  0.0031
2008  0.0036
2009  0.0042
2010  0.0049
2011  0.0055
2012  0.0062
2013  0.0069
2014  0.0076
2015  0.0083
2016  0.0090
2017  0.0098
2018  0.0106
2019  0.0114
2020  0.0123
2021  0.0132
2022  0.0140
2023  0.0150
2024  0.0159
2025  0.0168
2026  0.0178
2027  0.0188
2028  0.0198
2029  0.0208
2030  0.0219
2031  0.0230
2032  0.0241
2033  0.0253
2034  0.0264
2035  0.0276
2036  0.0288
2037  0.0301
2038  0.0313
2039  0.0326
2040  0.0339
2041  0.0352
2042  0.0366
2043  0.0380
2044  0.0394
2045  0.0408
2046  0.0423
2047  0.0437
2048  0.0452
2049  0.0468
2050  0.0483
2051  0.0499
2052  0.0515
2053  0.0531
2054  0.0548
2055  0.0565
2056  0.0582
2057  0.0599
2058  0.0617
2059  0.0635
2060  0.0653
2061  0.0671
2062  0.0690
2063  0.0709
2064  0.0728
2065  0.0747
2066  0.0767
2067  0.0787
2068  0.0807
2069  0.0828
2070  0.0848
2071  0.0869
2072  0.0891
2073  0.0912
2074  0.0934
2075  0.0957
2076  0.0979
2077  0.1001
2078  0.1024
2079  0.1047
2080  0.1071
2081  0.1095
2082  0.1119
2083  0.1143
2084  0.1167
2085  0.1192
2086  0.1217
2087  0.1243
2088  0.1268
2089  0.1293
2090  0.1319
2091  0.1346
2092  0.1373
2093  0.1399
2094  0.1426
2095  0.1454
2096  0.1481
2097  0.1509
2098  0.1537
2099  0.1566
2100  0.1594
