2007  0.0047
2008  0.0054
2009  0.0062
2010  0.0070
2011  0.0077
2012  0.0085
2013  0.0093
2014  0.0101
2015  0.0110
2016  0.0118
2017  0.0127
2018  0.0135
2019  0.0144
2020  0.0153
2021  0.0162
2022  0.0171
2023  0.0180
2024  0.0189
2025  0.0198
2026  0.0208
2027  0.0218
2028  0.0227
2029  0.0237
2030  0.0247
2031  0.0257
2032  0.0267
2033  0.0278
2034  0.0288
2035  0.0298
2036  0.0309
2037  0.0320
2038  0.0330
2039  0.0341
2040  0.0352
2041  0.0363
2042  0.0375
2043  0.0386
2044  0.0397
2045  0.0409
2046  0.0421
2047  0.0433
2048  0.0444
2049  0.0456
2050  0.0468
2051  0.0481
2052  0.0493
2053  0.0505
2054  0.0518
2055  0.0530
2056  0.0543
2057  0.0556
2058  0.0569
2059  0.0582
2060  0.0595
2061  0.0609
2062  0.0622
2063  0.0636
2064  0.0649
2065  0.0663
2066  0.0677
2067  0.0691
2068  0.0705
2069  0.0719
2070  0.0733
2071  0.0748
2072  0.0762
2073  0.0777
2074  0.0792
2075  0.0806
2076  0.0821
2077  0.0836
2078  0.0852
2079  0.0867
2080  0.0882
2081  0.0898
2082  0.0913
2083  0.0929
2084  0.0945
2085  0.0961
2086  0.0977
2087  0.0993
2088  0.1009
2089  0.1026
2090  0.1042
2091  0.1059
2092  0.1076
2093  0.1092
2094  0.1109
2095  0.1126
2096  0.1143
2097  0.1161
2098  0.1178
2099  0.1196
2100  0.1213
