2006  0.6162
2007  0.6193
2008  0.6641
2009  0.7451
2010  0.7932
2011  0.8842
2012  0.9651
2013  0.9082
2014  0.9907
2015  0.9666
2016  0.9874
2017  1.1096
2018  1.1839
2019  1.1558
2020  1.2029
2021  1.1665
2022  1.3308
2023  1.4657
2024  1.4049
2025  1.3142
2026  1.2952
2027  1.2841
2028  1.2692
2029  1.3149
2030  1.4438
2031  1.4202
2032  1.4651
2033  1.4853
2034  1.4926
2035  1.5000
2036  1.4972
2037  1.5283
2038  1.5624
2039  1.5251
2040  1.5081
2041  1.6462
2042  1.5943
2043  1.6644
2044  1.5938
2045  1.6198
2046  1.6458
2047  1.7114
2048  1.7579
2049  1.8243
2050  1.7837
2051  1.6900
2052  1.8308
2053  1.7824
2054  1.8473
2055  1.8022
2056  1.8020
2057  1.7987
2058  1.9229
2059  1.8460
2060  1.8848
2061  1.8619
2062  1.8675
2063  1.8381
2064  1.7870
2065  1.9157
2066  1.9928
2067  1.8913
2068  1.7710
2069  1.7879
2070  1.8566
2071  1.8589
2072  1.8202
2073  1.9196
2074  1.9157
2075  1.8910
2076  1.8689
2077  1.8504
2078  1.8438
2079  1.8553
2080  1.8007
2081  1.7919
2082  1.8103
2083  1.8620
2084  1.7892
2085  1.8661
2086  1.8232
2087  1.8224
2088  1.8152
2089  1.8030
2090  1.8532
2091  1.7523
2092  1.9192
2093  1.8763
2094  1.8470
2095  1.7811
2096  1.8743
2097  1.8896
2098  1.8188
2099  1.9231
