2007  0.0019
2008  0.0023
2009  0.0027
2010  0.0031
2011  0.0035
2012  0.0040
2013  0.0044
2014  0.0048
2015  0.0053
2016  0.0057
2017  0.0062
2018  0.0067
2019  0.0071
2020  0.0076
2021  0.0081
2022  0.0086
2023  0.0091
2024  0.0096
2025  0.0101
2026  0.0106
2027  0.0111
2028  0.0116
2029  0.0122
2030  0.0127
2031  0.0133
2032  0.0138
2033  0.0144
2034  0.0149
2035  0.0155
2036  0.0160
2037  0.0166
2038  0.0172
2039  0.0178
2040  0.0184
2041  0.0190
2042  0.0196
2043  0.0202
2044  0.0208
2045  0.0214
2046  0.0221
2047  0.0227
2048  0.0233
2049  0.0240
2050  0.0246
2051  0.0253
2052  0.0259
2053  0.0266
2054  0.0273
2055  0.0280
2056  0.0286
2057  0.0293
2058  0.0300
2059  0.0307
2060  0.0314
2061  0.0322
2062  0.0329
2063  0.0336
2064  0.0343
2065  0.0351
2066  0.0358
2067  0.0366
2068  0.0373
2069  0.0381
2070  0.0388
2071  0.0396
2072  0.0404
2073  0.0412
2074  0.0419
2075  0.0427
2076  0.0435
2077  0.0443
2078  0.0452
2079  0.0460
2080  0.0468
2081  0.0476
2082  0.0485
2083  0.0493
2084  0.0501
2085  0.0510
2086  0.0519
2087  0.0527
2088  0.0536
2089  0.0545
2090  0.0553
2091  0.0562
2092  0.0571
2093  0.0580
2094  0.0589
2095  0.0598
2096  0.0607
2097  0.0617
2098  0.0626
2099  0.0635
2100  0.0645
