2007  0.0035
2008  0.0041
2009  0.0048
2010  0.0054
2011  0.0061
2012  0.0068
2013  0.0075
2014  0.0083
2015  0.0090
2016  0.0098
2017  0.0105
2018  0.0113
2019  0.0122
2020  0.0130
2021  0.0139
2022  0.0148
2023  0.0157
2024  0.0166
2025  0.0176
2026  0.0187
2027  0.0197
2028  0.0207
2029  0.0218
2030  0.0228
2031  0.0239
2032  0.0250
2033  0.0262
2034  0.0273
2035  0.0285
2036  0.0297
2037  0.0309
2038  0.0322
2039  0.0335
2040  0.0348
2041  0.0361
2042  0.0375
2043  0.0389
2044  0.0403
2045  0.0417
2046  0.0432
2047  0.0446
2048  0.0461
2049  0.0477
2050  0.0492
2051  0.0508
2052  0.0524
2053  0.0541
2054  0.0558
2055  0.0575
2056  0.0592
2057  0.0609
2058  0.0627
2059  0.0645
2060  0.0664
2061  0.0684
2062  0.0703
2063  0.0723
2064  0.0743
2065  0.0762
2066  0.0782
2067  0.0803
2068  0.0823
2069  0.0843
2070  0.0863
2071  0.0885
2072  0.0906
2073  0.0928
2074  0.0949
2075  0.0971
2076  0.0993
2077  0.1015
2078  0.1037
2079  0.1060
2080  0.1082
2081  0.1106
2082  0.1129
2083  0.1152
2084  0.1175
2085  0.1199
2086  0.1222
2087  0.1246
2088  0.1269
2089  0.1292
2090  0.1315
2091  0.1338
2092  0.1360
2093  0.1385
2094  0.1408
2095  0.1432
2096  0.1455
2097  0.1478
2098  0.1502
2099  0.1526
2100  0.1552
