2007  0.0016
2008  0.0017
2009  0.0018
2010  0.0019
2011  0.0020
2012  0.0022
2013  0.0023
2014  0.0025
2015  0.0027
2016  0.0028
2017  0.0030
2018  0.0032
2019  0.0034
2020  0.0035
2021  0.0037
2022  0.0040
2023  0.0042
2024  0.0044
2025  0.0047
2026  0.0049
2027  0.0052
2028  0.0055
2029  0.0057
2030  0.0060
2031  0.0063
2032  0.0066
2033  0.0069
2034  0.0072
2035  0.0075
2036  0.0079
2037  0.0082
2038  0.0086
2039  0.0090
2040  0.0093
2041  0.0097
2042  0.0101
2043  0.0105
2044  0.0109
2045  0.0114
2046  0.0118
2047  0.0122
2048  0.0126
2049  0.0131
2050  0.0136
2051  0.0141
2052  0.0146
2053  0.0151
2054  0.0156
2055  0.0161
2056  0.0167
2057  0.0172
2058  0.0177
2059  0.0183
2060  0.0189
2061  0.0195
2062  0.0201
2063  0.0207
2064  0.0213
2065  0.0219
2066  0.0226
2067  0.0233
2068  0.0239
2069  0.0245
2070  0.0252
2071  0.0259
2072  0.0265
2073  0.0272
2074  0.0279
2075  0.0286
2076  0.0293
2077  0.0300
2078  0.0307
2079  0.0314
2080  0.0322
2081  0.0329
2082  0.0337
2083  0.0344
2084  0.0351
2085  0.0359
2086  0.0367
2087  0.0374
2088  0.0381
2089  0.0389
2090  0.0396
2091  0.0403
2092  0.0411
2093  0.0418
2094  0.0426
2095  0.0434
2096  0.0441
2097  0.0449
2098  0.0457
2099  0.0465
2100  0.0473
