2007  0.0132
2008  0.0154
2009  0.0173
2010  0.0194
2011  0.0213
2012  0.0231
2013  0.0250
2014  0.0268
2015  0.0285
2016  0.0301
2017  0.0318
2018  0.0335
2019  0.0352
2020  0.0369
2021  0.0387
2022  0.0404
2023  0.0421
2024  0.0441
2025  0.0460
2026  0.0479
2027  0.0498
2028  0.0517
2029  0.0534
2030  0.0552
2031  0.0571
2032  0.0590
2033  0.0609
2034  0.0628
2035  0.0647
2036  0.0666
2037  0.0684
2038  0.0705
2039  0.0725
2040  0.0744
2041  0.0763
2042  0.0783
2043  0.0803
2044  0.0823
2045  0.0843
2046  0.0864
2047  0.0883
2048  0.0904
2049  0.0924
2050  0.0945
2051  0.0966
2052  0.0986
2053  0.1008
2054  0.1029
2055  0.1050
2056  0.1072
2057  0.1092
2058  0.1113
2059  0.1136
2060  0.1158
2061  0.1180
2062  0.1202
2063  0.1225
2064  0.1247
2065  0.1268
2066  0.1290
2067  0.1313
2068  0.1335
2069  0.1356
2070  0.1378
2071  0.1400
2072  0.1422
2073  0.1444
2074  0.1466
2075  0.1488
2076  0.1509
2077  0.1531
2078  0.1553
2079  0.1575
2080  0.1597
2081  0.1619
2082  0.1641
2083  0.1662
2084  0.1684
2085  0.1705
2086  0.1727
2087  0.1749
2088  0.1770
2089  0.1790
2090  0.1811
2091  0.1831
2092  0.1851
2093  0.1873
2094  0.1894
2095  0.1914
2096  0.1934
2097  0.1954
2098  0.1974
2099  0.1994
2100  0.2016
