2007  0.0379
2008  0.0425
2009  0.0477
2010  0.0527
2011  0.0577
2012  0.0627
2013  0.0677
2014  0.0728
2015  0.0780
2016  0.0827
2017  0.0869
2018  0.0917
2019  0.0972
2020  0.1028
2021  0.1079
2022  0.1131
2023  0.1186
2024  0.1244
2025  0.1298
2026  0.1355
2027  0.1417
2028  0.1475
2029  0.1529
2030  0.1588
2031  0.1651
2032  0.1710
2033  0.1766
2034  0.1825
2035  0.1888
2036  0.1953
2037  0.2016
2038  0.2080
2039  0.2147
2040  0.2214
2041  0.2278
2042  0.2344
2043  0.2412
2044  0.2482
2045  0.2553
2046  0.2625
2047  0.2695
2048  0.2769
2049  0.2843
2050  0.2913
2051  0.2983
2052  0.3057
2053  0.3136
2054  0.3211
2055  0.3285
2056  0.3354
2057  0.3431
2058  0.3521
2059  0.3605
2060  0.3685
2061  0.3764
2062  0.3846
2063  0.3930
2064  0.4011
2065  0.4092
2066  0.4175
2067  0.4259
2068  0.4340
2069  0.4421
2070  0.4506
2071  0.4592
2072  0.4675
2073  0.4760
2074  0.4842
2075  0.4924
2076  0.5013
2077  0.5102
2078  0.5186
2079  0.5274
2080  0.5361
2081  0.5445
2082  0.5531
2083  0.5617
2084  0.5704
2085  0.5790
2086  0.5873
2087  0.5959
2088  0.6050
2089  0.6137
2090  0.6219
2091  0.6302
2092  0.6392
2093  0.6484
2094  0.6571
2095  0.6657
2096  0.6743
2097  0.6828
2098  0.6918
2099  0.7010
2100  0.7099
