2007  0.0018
2008  0.0021
2009  0.0024
2010  0.0027
2011  0.0031
2012  0.0034
2013  0.0037
2014  0.0040
2015  0.0044
2016  0.0047
2017  0.0050
2018  0.0054
2019  0.0057
2020  0.0061
2021  0.0064
2022  0.0068
2023  0.0071
2024  0.0075
2025  0.0078
2026  0.0082
2027  0.0085
2028  0.0089
2029  0.0092
2030  0.0096
2031  0.0100
2032  0.0103
2033  0.0107
2034  0.0111
2035  0.0114
2036  0.0118
2037  0.0122
2038  0.0126
2039  0.0129
2040  0.0133
2041  0.0137
2042  0.0141
2043  0.0145
2044  0.0149
2045  0.0153
2046  0.0157
2047  0.0161
2048  0.0165
2049  0.0169
2050  0.0173
2051  0.0177
2052  0.0181
2053  0.0185
2054  0.0189
2055  0.0193
2056  0.0197
2057  0.0201
2058  0.0206
2059  0.0210
2060  0.0214
2061  0.0218
2062  0.0223
2063  0.0227
2064  0.0231
2065  0.0235
2066  0.0240
2067  0.0244
2068  0.0249
2069  0.0253
2070  0.0257
2071  0.0262
2072  0.0266
2073  0.0271
2074  0.0275
2075  0.0280
2076  0.0284
2077  0.0289
2078  0.0294
2079  0.0298
2080  0.0303
2081  0.0307
2082  0.0312
2083  0.0317
2084  0.0321
2085  0.0326
2086  0.0331
2087  0.0336
2088  0.0341
2089  0.0345
2090  0.0350
2091  0.0355
2092  0.0360
2093  0.0365
2094  0.0370
2095  0.0375
2096  0.0380
2097  0.0385
2098  0.0390
2099  0.0395
2100  0.0400
