2007 -0.0002
2008 -0.0004
2009 -0.0006
2010 -0.0008
2011 -0.0010
2012 -0.0013
2013 -0.0015
2014 -0.0018
2015 -0.0021
2016 -0.0023
2017 -0.0026
2018 -0.0029
2019 -0.0032
2020 -0.0035
2021 -0.0039
2022 -0.0042
2023 -0.0046
2024 -0.0050
2025 -0.0054
2026 -0.0058
2027 -0.0062
2028 -0.0066
2029 -0.0070
2030 -0.0074
2031 -0.0079
2032 -0.0083
2033 -0.0088
2034 -0.0093
2035 -0.0098
2036 -0.0102
2037 -0.0107
2038 -0.0113
2039 -0.0118
2040 -0.0123
2041 -0.0129
2042 -0.0134
2043 -0.0140
2044 -0.0146
2045 -0.0152
2046 -0.0158
2047 -0.0164
2048 -0.0170
2049 -0.0176
2050 -0.0183
2051 -0.0189
2052 -0.0196
2053 -0.0203
2054 -0.0209
2055 -0.0216
2056 -0.0223
2057 -0.0230
2058 -0.0237
2059 -0.0245
2060 -0.0252
2061 -0.0260
2062 -0.0268
2063 -0.0276
2064 -0.0283
2065 -0.0291
2066 -0.0299
2067 -0.0307
2068 -0.0315
2069 -0.0323
2070 -0.0331
2071 -0.0339
2072 -0.0348
2073 -0.0356
2074 -0.0365
2075 -0.0373
2076 -0.0381
2077 -0.0390
2078 -0.0398
2079 -0.0407
2080 -0.0416
2081 -0.0425
2082 -0.0433
2083 -0.0442
2084 -0.0451
2085 -0.0460
2086 -0.0469
2087 -0.0478
2088 -0.0487
2089 -0.0495
2090 -0.0504
2091 -0.0513
2092 -0.0522
2093 -0.0531
2094 -0.0540
2095 -0.0549
2096 -0.0557
2097 -0.0566
2098 -0.0575
2099 -0.0584
2100 -0.0593
