2007  0.0026
2008  0.0027
2009  0.0028
2010  0.0028
2011  0.0029
2012  0.0029
2013  0.0029
2014  0.0029
2015  0.0029
2016  0.0029
2017  0.0028
2018  0.0028
2019  0.0027
2020  0.0026
2021  0.0025
2022  0.0024
2023  0.0023
2024  0.0021
2025  0.0019
2026  0.0017
2027  0.0015
2028  0.0013
2029  0.0011
2030  0.0008
2031  0.0006
2032  0.0003
2033 -0.0000
2034 -0.0003
2035 -0.0007
2036 -0.0010
2037 -0.0013
2038 -0.0017
2039 -0.0021
2040 -0.0025
2041 -0.0029
2042 -0.0033
2043 -0.0038
2044 -0.0042
2045 -0.0047
2046 -0.0052
2047 -0.0057
2048 -0.0062
2049 -0.0067
2050 -0.0073
2051 -0.0079
2052 -0.0084
2053 -0.0090
2054 -0.0097
2055 -0.0103
2056 -0.0109
2057 -0.0115
2058 -0.0122
2059 -0.0129
2060 -0.0136
2061 -0.0143
2062 -0.0150
2063 -0.0158
2064 -0.0165
2065 -0.0173
2066 -0.0181
2067 -0.0189
2068 -0.0197
2069 -0.0205
2070 -0.0213
2071 -0.0221
2072 -0.0229
2073 -0.0238
2074 -0.0247
2075 -0.0255
2076 -0.0264
2077 -0.0273
2078 -0.0282
2079 -0.0291
2080 -0.0301
2081 -0.0310
2082 -0.0320
2083 -0.0330
2084 -0.0339
2085 -0.0349
2086 -0.0359
2087 -0.0369
2088 -0.0379
2089 -0.0389
2090 -0.0400
2091 -0.0410
2092 -0.0420
2093 -0.0431
2094 -0.0441
2095 -0.0451
2096 -0.0462
2097 -0.0473
2098 -0.0483
2099 -0.0494
2100 -0.0506
