2007  0.0082
2008  0.0094
2009  0.0103
2010  0.0113
2011  0.0126
2012  0.0138
2013  0.0153
2014  0.0166
2015  0.0174
2016  0.0187
2017  0.0203
2018  0.0214
2019  0.0227
2020  0.0242
2021  0.0254
2022  0.0268
2023  0.0284
2024  0.0299
2025  0.0315
2026  0.0331
2027  0.0346
2028  0.0361
2029  0.0379
2030  0.0395
2031  0.0407
2032  0.0420
2033  0.0436
2034  0.0451
2035  0.0466
2036  0.0483
2037  0.0504
2038  0.0523
2039  0.0538
2040  0.0554
2041  0.0575
2042  0.0595
2043  0.0611
2044  0.0626
2045  0.0640
2046  0.0657
2047  0.0678
2048  0.0696
2049  0.0716
2050  0.0737
2051  0.0756
2052  0.0771
2053  0.0784
2054  0.0799
2055  0.0817
2056  0.0815
2057  0.0831
2058  0.0865
2059  0.0881
2060  0.0900
2061  0.0916
2062  0.0930
2063  0.0946
2064  0.0967
2065  0.0985
2066  0.1000
2067  0.1017
2068  0.1036
2069  0.1058
2070  0.1079
2071  0.1098
2072  0.1115
2073  0.1128
2074  0.1144
2075  0.1160
2076  0.1178
2077  0.1199
2078  0.1217
2079  0.1234
2080  0.1253
2081  0.1271
2082  0.1287
2083  0.1304
2084  0.1319
2085  0.1329
2086  0.1344
2087  0.1360
2088  0.1374
2089  0.1385
2090  0.1396
2091  0.1411
2092  0.1427
2093  0.1442
2094  0.1457
2095  0.1472
2096  0.1484
2097  0.1497
2098  0.1511
2099  0.1525
2100  0.1544
