2007  0.0315
2008  0.0351
2009  0.0388
2010  0.0425
2011  0.0463
2012  0.0502
2013  0.0542
2014  0.0583
2015  0.0621
2016  0.0658
2017  0.0695
2018  0.0733
2019  0.0775
2020  0.0817
2021  0.0857
2022  0.0898
2023  0.0941
2024  0.0986
2025  0.1029
2026  0.1075
2027  0.1122
2028  0.1167
2029  0.1212
2030  0.1258
2031  0.1305
2032  0.1350
2033  0.1395
2034  0.1440
2035  0.1488
2036  0.1539
2037  0.1590
2038  0.1641
2039  0.1691
2040  0.1743
2041  0.1795
2042  0.1847
2043  0.1898
2044  0.1951
2045  0.2003
2046  0.2058
2047  0.2112
2048  0.2168
2049  0.2225
2050  0.2280
2051  0.2334
2052  0.2389
2053  0.2446
2054  0.2501
2055  0.2556
2056  0.2602
2057  0.2658
2058  0.2729
2059  0.2789
2060  0.2848
2061  0.2906
2062  0.2965
2063  0.3025
2064  0.3086
2065  0.3147
2066  0.3206
2067  0.3267
2068  0.3327
2069  0.3388
2070  0.3451
2071  0.3513
2072  0.3574
2073  0.3633
2074  0.3693
2075  0.3752
2076  0.3815
2077  0.3880
2078  0.3941
2079  0.4003
2080  0.4067
2081  0.4128
2082  0.4189
2083  0.4251
2084  0.4312
2085  0.4371
2086  0.4429
2087  0.4491
2088  0.4553
2089  0.4612
2090  0.4669
2091  0.4728
2092  0.4791
2093  0.4855
2094  0.4916
2095  0.4977
2096  0.5036
2097  0.5095
2098  0.5157
2099  0.5221
2100  0.5284
