2007  0.0032
2008  0.0036
2009  0.0039
2010  0.0042
2011  0.0045
2012  0.0049
2013  0.0052
2014  0.0056
2015  0.0060
2016  0.0063
2017  0.0067
2018  0.0071
2019  0.0074
2020  0.0078
2021  0.0082
2022  0.0085
2023  0.0089
2024  0.0093
2025  0.0097
2026  0.0101
2027  0.0106
2028  0.0110
2029  0.0114
2030  0.0118
2031  0.0122
2032  0.0127
2033  0.0131
2034  0.0136
2035  0.0140
2036  0.0145
2037  0.0150
2038  0.0154
2039  0.0159
2040  0.0164
2041  0.0169
2042  0.0174
2043  0.0179
2044  0.0184
2045  0.0189
2046  0.0194
2047  0.0199
2048  0.0205
2049  0.0210
2050  0.0216
2051  0.0221
2052  0.0227
2053  0.0232
2054  0.0238
2055  0.0244
2056  0.0250
2057  0.0255
2058  0.0261
2059  0.0266
2060  0.0272
2061  0.0278
2062  0.0285
2063  0.0291
2064  0.0297
2065  0.0303
2066  0.0310
2067  0.0316
2068  0.0322
2069  0.0329
2070  0.0335
2071  0.0341
2072  0.0348
2073  0.0355
2074  0.0361
2075  0.0368
2076  0.0374
2077  0.0381
2078  0.0387
2079  0.0394
2080  0.0401
2081  0.0408
2082  0.0415
2083  0.0422
2084  0.0429
2085  0.0435
2086  0.0442
2087  0.0449
2088  0.0456
2089  0.0463
2090  0.0470
2091  0.0477
2092  0.0484
2093  0.0491
2094  0.0498
2095  0.0505
2096  0.0512
2097  0.0520
2098  0.0527
2099  0.0535
2100  0.0542
