2007  0.0049
2008  0.0059
2009  0.0069
2010  0.0079
2011  0.0090
2012  0.0101
2013  0.0112
2014  0.0124
2015  0.0136
2016  0.0148
2017  0.0160
2018  0.0173
2019  0.0186
2020  0.0199
2021  0.0213
2022  0.0227
2023  0.0241
2024  0.0256
2025  0.0271
2026  0.0286
2027  0.0301
2028  0.0317
2029  0.0333
2030  0.0350
2031  0.0366
2032  0.0383
2033  0.0400
2034  0.0418
2035  0.0435
2036  0.0454
2037  0.0472
2038  0.0491
2039  0.0510
2040  0.0529
2041  0.0549
2042  0.0568
2043  0.0589
2044  0.0609
2045  0.0630
2046  0.0651
2047  0.0672
2048  0.0694
2049  0.0716
2050  0.0738
2051  0.0761
2052  0.0784
2053  0.0807
2054  0.0831
2055  0.0854
2056  0.0878
2057  0.0903
2058  0.0927
2059  0.0952
2060  0.0978
2061  0.1003
2062  0.1029
2063  0.1055
2064  0.1082
2065  0.1109
2066  0.1136
2067  0.1163
2068  0.1191
2069  0.1219
2070  0.1247
2071  0.1275
2072  0.1304
2073  0.1333
2074  0.1363
2075  0.1392
2076  0.1423
2077  0.1453
2078  0.1484
2079  0.1514
2080  0.1546
2081  0.1577
2082  0.1609
2083  0.1641
2084  0.1674
2085  0.1707
2086  0.1740
2087  0.1773
2088  0.1807
2089  0.1840
2090  0.1875
2091  0.1909
2092  0.1944
2093  0.1979
2094  0.2015
2095  0.2050
2096  0.2086
2097  0.2123
2098  0.2159
2099  0.2196
2100  0.2234
