2006  0.3406
2007  0.3086
2008  0.3471
2009  0.3719
2010  0.4119
2011  0.4344
2012  0.4811
2013  0.5425
2014  0.5136
2015  0.4904
2016  0.5706
2017  0.5822
2018  0.5521
2019  0.5821
2020  0.6293
2021  0.6578
2022  0.6750
2023  0.7638
2024  0.7992
2025  0.8250
2026  0.8500
2027  0.8203
2028  0.8207
2029  0.8536
2030  0.9023
2031  0.9327
2032  0.9535
2033  0.9704
2034  0.9899
2035  1.0090
2036  1.0290
2037  1.1323
2038  1.1636
2039  1.1128
2040  1.1063
2041  1.1686
2042  1.1773
2043  1.2139
2044  1.2616
2045  1.2522
2046  1.2271
2047  1.2851
2048  1.3360
2049  1.3787
2050  1.3870
2051  1.4148
2052  1.4488
2053  1.4412
2054  1.4660
2055  1.5209
2056  1.4601
2057  1.4661
2058  1.5260
2059  1.5784
2060  1.6466
2061  1.6421
2062  1.6694
2063  1.6650
2064  1.6799
2065  1.7059
2066  1.7487
2067  1.7191
2068  1.6845
2069  1.7133
2070  1.7762
2071  1.8020
2072  1.7734
2073  1.8211
2074  1.7826
2075  1.7774
2076  1.8070
2077  1.8106
2078  1.8621
2079  1.9084
2080  1.9125
2081  1.9079
2082  1.9074
2083  1.8921
2084  1.8895
2085  1.9294
2086  1.9019
2087  1.8646
2088  1.8716
2089  1.9209
2090  1.8758
2091  1.8715
2092  1.9426
2093  1.9344
2094  1.8849
2095  1.9028
2096  1.9828
2097  1.9336
2098  1.9796
2099  2.0315
