2007  0.0034
2008  0.0038
2009  0.0042
2010  0.0047
2011  0.0052
2012  0.0057
2013  0.0061
2014  0.0067
2015  0.0072
2016  0.0077
2017  0.0082
2018  0.0088
2019  0.0093
2020  0.0098
2021  0.0104
2022  0.0110
2023  0.0116
2024  0.0122
2025  0.0128
2026  0.0134
2027  0.0141
2028  0.0147
2029  0.0154
2030  0.0161
2031  0.0167
2032  0.0174
2033  0.0181
2034  0.0188
2035  0.0196
2036  0.0203
2037  0.0210
2038  0.0218
2039  0.0226
2040  0.0234
2041  0.0242
2042  0.0250
2043  0.0258
2044  0.0267
2045  0.0275
2046  0.0284
2047  0.0292
2048  0.0301
2049  0.0310
2050  0.0319
2051  0.0329
2052  0.0338
2053  0.0348
2054  0.0357
2055  0.0367
2056  0.0377
2057  0.0387
2058  0.0396
2059  0.0407
2060  0.0417
2061  0.0428
2062  0.0438
2063  0.0449
2064  0.0460
2065  0.0471
2066  0.0483
2067  0.0494
2068  0.0505
2069  0.0516
2070  0.0528
2071  0.0539
2072  0.0551
2073  0.0563
2074  0.0575
2075  0.0587
2076  0.0599
2077  0.0611
2078  0.0623
2079  0.0635
2080  0.0648
2081  0.0660
2082  0.0673
2083  0.0686
2084  0.0698
2085  0.0711
2086  0.0724
2087  0.0737
2088  0.0749
2089  0.0762
2090  0.0775
2091  0.0788
2092  0.0800
2093  0.0814
2094  0.0827
2095  0.0840
2096  0.0853
2097  0.0866
2098  0.0880
2099  0.0893
2100  0.0907
