2007  0.0134
2008  0.0147
2009  0.0162
2010  0.0176
2011  0.0192
2012  0.0208
2013  0.0225
2014  0.0241
2015  0.0257
2016  0.0271
2017  0.0285
2018  0.0299
2019  0.0318
2020  0.0337
2021  0.0353
2022  0.0369
2023  0.0388
2024  0.0407
2025  0.0424
2026  0.0443
2027  0.0464
2028  0.0483
2029  0.0501
2030  0.0520
2031  0.0540
2032  0.0557
2033  0.0574
2034  0.0592
2035  0.0611
2036  0.0634
2037  0.0656
2038  0.0677
2039  0.0697
2040  0.0719
2041  0.0741
2042  0.0763
2043  0.0784
2044  0.0805
2045  0.0826
2046  0.0849
2047  0.0873
2048  0.0897
2049  0.0922
2050  0.0944
2051  0.0964
2052  0.0986
2053  0.1009
2054  0.1031
2055  0.1052
2056  0.1063
2057  0.1086
2058  0.1123
2059  0.1147
2060  0.1171
2061  0.1193
2062  0.1216
2063  0.1239
2064  0.1264
2065  0.1288
2066  0.1310
2067  0.1334
2068  0.1357
2069  0.1381
2070  0.1406
2071  0.1431
2072  0.1453
2073  0.1475
2074  0.1496
2075  0.1517
2076  0.1542
2077  0.1568
2078  0.1591
2079  0.1614
2080  0.1638
2081  0.1659
2082  0.1680
2083  0.1702
2084  0.1723
2085  0.1742
2086  0.1760
2087  0.1782
2088  0.1804
2089  0.1824
2090  0.1840
2091  0.1859
2092  0.1882
2093  0.1905
2094  0.1925
2095  0.1945
2096  0.1963
2097  0.1982
2098  0.2003
2099  0.2024
2100  0.2045
