2007 -0.0001
2008 -0.0001
2009 -0.0002
2010 -0.0003
2011 -0.0004
2012 -0.0005
2013 -0.0006
2014 -0.0007
2015 -0.0008
2016 -0.0010
2017 -0.0011
2018 -0.0012
2019 -0.0013
2020 -0.0015
2021 -0.0016
2022 -0.0018
2023 -0.0019
2024 -0.0021
2025 -0.0023
2026 -0.0025
2027 -0.0027
2028 -0.0028
2029 -0.0030
2030 -0.0032
2031 -0.0034
2032 -0.0036
2033 -0.0039
2034 -0.0041
2035 -0.0043
2036 -0.0045
2037 -0.0048
2038 -0.0050
2039 -0.0053
2040 -0.0056
2041 -0.0058
2042 -0.0061
2043 -0.0064
2044 -0.0066
2045 -0.0069
2046 -0.0072
2047 -0.0075
2048 -0.0078
2049 -0.0081
2050 -0.0084
2051 -0.0087
2052 -0.0091
2053 -0.0094
2054 -0.0097
2055 -0.0101
2056 -0.0104
2057 -0.0108
2058 -0.0111
2059 -0.0115
2060 -0.0118
2061 -0.0122
2062 -0.0126
2063 -0.0130
2064 -0.0133
2065 -0.0137
2066 -0.0141
2067 -0.0145
2068 -0.0149
2069 -0.0153
2070 -0.0157
2071 -0.0161
2072 -0.0165
2073 -0.0169
2074 -0.0174
2075 -0.0178
2076 -0.0182
2077 -0.0186
2078 -0.0190
2079 -0.0195
2080 -0.0199
2081 -0.0203
2082 -0.0208
2083 -0.0212
2084 -0.0217
2085 -0.0221
2086 -0.0226
2087 -0.0230
2088 -0.0234
2089 -0.0239
2090 -0.0243
2091 -0.0248
2092 -0.0252
2093 -0.0256
2094 -0.0261
2095 -0.0265
2096 -0.0270
2097 -0.0274
2098 -0.0279
2099 -0.0283
2100 -0.0288
