2007  0.0099
2008  0.0099
2009  0.0101
2010  0.0099
2011  0.0101
2012  0.0103
2013  0.0107
2014  0.0113
2015  0.0117
2016  0.0119
2017  0.0125
2018  0.0130
2019  0.0131
2020  0.0133
2021  0.0136
2022  0.0140
2023  0.0144
2024  0.0148
2025  0.0153
2026  0.0158
2027  0.0164
2028  0.0169
2029  0.0174
2030  0.0180
2031  0.0185
2032  0.0192
2033  0.0198
2034  0.0203
2035  0.0208
2036  0.0216
2037  0.0222
2038  0.0229
2039  0.0237
2040  0.0243
2041  0.0250
2042  0.0257
2043  0.0263
2044  0.0270
2045  0.0277
2046  0.0284
2047  0.0290
2048  0.0297
2049  0.0304
2050  0.0312
2051  0.0319
2052  0.0328
2053  0.0335
2054  0.0343
2055  0.0350
2056  0.0358
2057  0.0366
2058  0.0372
2059  0.0378
2060  0.0385
2061  0.0393
2062  0.0401
2063  0.0408
2064  0.0416
2065  0.0425
2066  0.0433
2067  0.0441
2068  0.0449
2069  0.0456
2070  0.0464
2071  0.0472
2072  0.0480
2073  0.0488
2074  0.0496
2075  0.0504
2076  0.0511
2077  0.0518
2078  0.0525
2079  0.0533
2080  0.0542
2081  0.0550
2082  0.0558
2083  0.0566
2084  0.0574
2085  0.0581
2086  0.0589
2087  0.0597
2088  0.0604
2089  0.0611
2090  0.0619
2091  0.0627
2092  0.0635
2093  0.0642
2094  0.0650
2095  0.0658
2096  0.0666
2097  0.0674
2098  0.0682
2099  0.0690
2100  0.0698
