2006  0.0544
2007  0.0082
2008  0.0423
2009 -0.0536
2010  0.0345
2011  0.0769
2012  0.1046
2013  0.2207
2014  0.1798
2015  0.0876
2016  0.2757
2017  0.2169
2018  0.0622
2019  0.0991
2020  0.1466
2021  0.2103
2022  0.2343
2023  0.2390
2024  0.2685
2025  0.3306
2026  0.3505
2027  0.2906
2028  0.3569
2029  0.3604
2030  0.3533
2031  0.4344
2032  0.4321
2033  0.3595
2034  0.4316
2035  0.5369
2036  0.5009
2037  0.5484
2038  0.5969
2039  0.5615
2040  0.5533
2041  0.5823
2042  0.5693
2043  0.5663
2044  0.6592
2045  0.6114
2046  0.5684
2047  0.6531
2048  0.6868
2049  0.7193
2050  0.7463
2051  0.8102
2052  0.7705
2053  0.7520
2054  0.7263
2055  0.9128
2056  0.7793
2057  0.6545
2058  0.6315
2059  0.7695
2060  0.8680
2061  0.9118
2062  0.8216
2063  0.8833
2064  1.0094
2065  0.9394
2066  0.9030
2067  0.9578
2068  0.9040
2069  0.9076
2070  0.9046
2071  1.0414
2072  0.9345
2073  1.0002
2074  0.9598
2075  0.9238
2076  0.9529
2077  0.8913
2078  1.0429
2079  1.1102
2080  1.0430
2081  1.0829
2082  1.0767
2083  1.0084
2084  1.0316
2085  1.0415
2086  1.0398
2087  1.0127
2088  1.0208
2089  1.1338
2090  1.1217
2091  1.0560
2092  1.0484
2093  1.1350
2094  1.0678
2095  1.1365
2096  1.2478
2097  1.1639
2098  1.1358
2099  1.1232
