2007  0.0031
2008  0.0038
2009  0.0045
2010  0.0052
2011  0.0059
2012  0.0067
2013  0.0075
2014  0.0083
2015  0.0091
2016  0.0100
2017  0.0109
2018  0.0119
2019  0.0128
2020  0.0138
2021  0.0148
2022  0.0159
2023  0.0170
2024  0.0181
2025  0.0192
2026  0.0204
2027  0.0216
2028  0.0228
2029  0.0241
2030  0.0253
2031  0.0266
2032  0.0280
2033  0.0293
2034  0.0307
2035  0.0322
2036  0.0336
2037  0.0351
2038  0.0366
2039  0.0381
2040  0.0397
2041  0.0413
2042  0.0429
2043  0.0445
2044  0.0462
2045  0.0479
2046  0.0497
2047  0.0514
2048  0.0532
2049  0.0550
2050  0.0569
2051  0.0587
2052  0.0607
2053  0.0626
2054  0.0645
2055  0.0665
2056  0.0686
2057  0.0706
2058  0.0727
2059  0.0748
2060  0.0769
2061  0.0791
2062  0.0813
2063  0.0835
2064  0.0857
2065  0.0880
2066  0.0903
2067  0.0926
2068  0.0950
2069  0.0974
2070  0.0998
2071  0.1022
2072  0.1047
2073  0.1072
2074  0.1097
2075  0.1123
2076  0.1149
2077  0.1175
2078  0.1201
2079  0.1228
2080  0.1255
2081  0.1282
2082  0.1310
2083  0.1338
2084  0.1366
2085  0.1394
2086  0.1423
2087  0.1452
2088  0.1481
2089  0.1511
2090  0.1541
2091  0.1571
2092  0.1601
2093  0.1632
2094  0.1663
2095  0.1694
2096  0.1726
2097  0.1758
2098  0.1790
2099  0.1822
2100  0.1855
