2007  0.0186
2008  0.0200
2009  0.0221
2010  0.0238
2011  0.0257
2012  0.0278
2013  0.0297
2014  0.0317
2015  0.0339
2016  0.0356
2017  0.0367
2018  0.0385
2019  0.0408
2020  0.0433
2021  0.0451
2022  0.0470
2023  0.0492
2024  0.0515
2025  0.0533
2026  0.0555
2027  0.0581
2028  0.0604
2029  0.0622
2030  0.0645
2031  0.0673
2032  0.0695
2033  0.0712
2034  0.0732
2035  0.0757
2036  0.0784
2037  0.0808
2038  0.0831
2039  0.0856
2040  0.0884
2041  0.0907
2042  0.0930
2043  0.0957
2044  0.0984
2045  0.1013
2046  0.1041
2047  0.1068
2048  0.1098
2049  0.1127
2050  0.1150
2051  0.1173
2052  0.1201
2053  0.1234
2054  0.1262
2055  0.1287
2056  0.1311
2057  0.1340
2058  0.1380
2059  0.1414
2060  0.1442
2061  0.1470
2062  0.1502
2063  0.1533
2064  0.1561
2065  0.1590
2066  0.1620
2067  0.1650
2068  0.1677
2069  0.1703
2070  0.1734
2071  0.1764
2072  0.1792
2073  0.1822
2074  0.1848
2075  0.1873
2076  0.1906
2077  0.1938
2078  0.1964
2079  0.1993
2080  0.2022
2081  0.2046
2082  0.2073
2083  0.2100
2084  0.2128
2085  0.2155
2086  0.2177
2087  0.2203
2088  0.2235
2089  0.2262
2090  0.2284
2091  0.2307
2092  0.2338
2093  0.2368
2094  0.2393
2095  0.2418
2096  0.2443
2097  0.2466
2098  0.2494
2099  0.2523
2100  0.2545
