2006  0.6268
2007  0.6089
2008  0.6518
2009  0.7975
2010  0.7893
2011  0.7918
2012  0.8576
2013  0.8642
2014  0.8473
2015  0.8933
2016  0.8654
2017  0.9475
2018  1.0421
2019  1.0652
2020  1.1120
2021  1.1054
2022  1.1158
2023  1.2886
2024  1.3299
2025  1.3195
2026  1.3494
2027  1.3500
2028  1.2845
2029  1.3468
2030  1.4513
2031  1.4311
2032  1.4749
2033  1.5812
2034  1.5482
2035  1.4811
2036  1.5571
2037  1.7163
2038  1.7304
2039  1.6641
2040  1.6593
2041  1.7550
2042  1.7854
2043  1.8615
2044  1.8639
2045  1.8931
2046  1.8857
2047  1.9171
2048  1.9852
2049  2.0381
2050  2.0277
2051  2.0194
2052  2.1271
2053  2.1304
2054  2.2057
2055  2.1289
2056  2.1408
2057  2.2778
2058  2.4205
2059  2.3872
2060  2.4252
2061  2.3725
2062  2.5172
2063  2.4467
2064  2.3505
2065  2.4724
2066  2.5944
2067  2.4803
2068  2.4649
2069  2.5190
2070  2.6478
2071  2.5625
2072  2.6123
2073  2.6420
2074  2.6053
2075  2.6309
2076  2.6611
2077  2.7299
2078  2.6813
2079  2.7067
2080  2.7821
2081  2.7330
2082  2.7381
2083  2.7758
2084  2.7475
2085  2.8174
2086  2.7641
2087  2.7164
2088  2.7225
2089  2.7080
2090  2.6298
2091  2.6869
2092  2.8368
2093  2.7338
2094  2.7019
2095  2.6692
2096  2.7177
2097  2.7032
2098  2.8234
2099  2.9398
