2007  0.0031
2008  0.0036
2009  0.0042
2010  0.0049
2011  0.0055
2012  0.0062
2013  0.0069
2014  0.0076
2015  0.0083
2016  0.0091
2017  0.0098
2018  0.0106
2019  0.0115
2020  0.0123
2021  0.0132
2022  0.0141
2023  0.0150
2024  0.0159
2025  0.0169
2026  0.0179
2027  0.0189
2028  0.0199
2029  0.0209
2030  0.0220
2031  0.0231
2032  0.0242
2033  0.0253
2034  0.0265
2035  0.0276
2036  0.0289
2037  0.0301
2038  0.0313
2039  0.0326
2040  0.0339
2041  0.0352
2042  0.0365
2043  0.0379
2044  0.0392
2045  0.0406
2046  0.0420
2047  0.0435
2048  0.0450
2049  0.0464
2050  0.0479
2051  0.0495
2052  0.0510
2053  0.0526
2054  0.0542
2055  0.0558
2056  0.0574
2057  0.0591
2058  0.0608
2059  0.0625
2060  0.0643
2061  0.0660
2062  0.0678
2063  0.0696
2064  0.0714
2065  0.0732
2066  0.0751
2067  0.0770
2068  0.0789
2069  0.0808
2070  0.0828
2071  0.0848
2072  0.0868
2073  0.0888
2074  0.0909
2075  0.0930
2076  0.0951
2077  0.0973
2078  0.0994
2079  0.1016
2080  0.1038
2081  0.1060
2082  0.1083
2083  0.1106
2084  0.1129
2085  0.1152
2086  0.1175
2087  0.1199
2088  0.1223
2089  0.1248
2090  0.1273
2091  0.1297
2092  0.1323
2093  0.1348
2094  0.1374
2095  0.1400
2096  0.1426
2097  0.1453
2098  0.1480
2099  0.1507
2100  0.1534
