2007  0.0113
2008  0.0124
2009  0.0134
2010  0.0144
2011  0.0155
2012  0.0165
2013  0.0175
2014  0.0187
2015  0.0197
2016  0.0206
2017  0.0217
2018  0.0227
2019  0.0237
2020  0.0246
2021  0.0257
2022  0.0267
2023  0.0278
2024  0.0289
2025  0.0301
2026  0.0313
2027  0.0325
2028  0.0337
2029  0.0348
2030  0.0359
2031  0.0371
2032  0.0383
2033  0.0395
2034  0.0408
2035  0.0420
2036  0.0432
2037  0.0444
2038  0.0458
2039  0.0471
2040  0.0484
2041  0.0496
2042  0.0509
2043  0.0522
2044  0.0536
2045  0.0549
2046  0.0562
2047  0.0575
2048  0.0589
2049  0.0602
2050  0.0616
2051  0.0630
2052  0.0644
2053  0.0659
2054  0.0673
2055  0.0687
2056  0.0701
2057  0.0715
2058  0.0729
2059  0.0743
2060  0.0757
2061  0.0772
2062  0.0787
2063  0.0802
2064  0.0817
2065  0.0832
2066  0.0847
2067  0.0862
2068  0.0877
2069  0.0891
2070  0.0906
2071  0.0921
2072  0.0936
2073  0.0951
2074  0.0966
2075  0.0980
2076  0.0995
2077  0.1009
2078  0.1024
2079  0.1038
2080  0.1054
2081  0.1068
2082  0.1083
2083  0.1098
2084  0.1113
2085  0.1127
2086  0.1142
2087  0.1156
2088  0.1170
2089  0.1185
2090  0.1199
2091  0.1213
2092  0.1227
2093  0.1241
2094  0.1255
2095  0.1269
2096  0.1282
2097  0.1297
2098  0.1311
2099  0.1325
2100  0.1339
