2007  0.0028
2008  0.0032
2009  0.0035
2010  0.0039
2011  0.0043
2012  0.0046
2013  0.0050
2014  0.0053
2015  0.0057
2016  0.0061
2017  0.0064
2018  0.0068
2019  0.0072
2020  0.0076
2021  0.0080
2022  0.0084
2023  0.0088
2024  0.0092
2025  0.0096
2026  0.0100
2027  0.0104
2028  0.0108
2029  0.0113
2030  0.0117
2031  0.0121
2032  0.0125
2033  0.0130
2034  0.0134
2035  0.0138
2036  0.0143
2037  0.0147
2038  0.0152
2039  0.0156
2040  0.0161
2041  0.0165
2042  0.0170
2043  0.0175
2044  0.0179
2045  0.0184
2046  0.0189
2047  0.0194
2048  0.0199
2049  0.0204
2050  0.0209
2051  0.0214
2052  0.0219
2053  0.0224
2054  0.0229
2055  0.0234
2056  0.0239
2057  0.0244
2058  0.0250
2059  0.0255
2060  0.0261
2061  0.0266
2062  0.0271
2063  0.0277
2064  0.0283
2065  0.0288
2066  0.0294
2067  0.0299
2068  0.0305
2069  0.0311
2070  0.0317
2071  0.0323
2072  0.0329
2073  0.0335
2074  0.0341
2075  0.0348
2076  0.0354
2077  0.0361
2078  0.0367
2079  0.0374
2080  0.0380
2081  0.0387
2082  0.0393
2083  0.0400
2084  0.0407
2085  0.0414
2086  0.0421
2087  0.0428
2088  0.0435
2089  0.0442
2090  0.0450
2091  0.0457
2092  0.0465
2093  0.0473
2094  0.0480
2095  0.0488
2096  0.0496
2097  0.0504
2098  0.0512
2099  0.0520
2100  0.0528
