2007  0.0015
2008  0.0015
2009  0.0016
2010  0.0016
2011  0.0016
2012  0.0016
2013  0.0017
2014  0.0018
2015  0.0018
2016  0.0019
2017  0.0019
2018  0.0020
2019  0.0020
2020  0.0021
2021  0.0021
2022  0.0022
2023  0.0023
2024  0.0024
2025  0.0024
2026  0.0025
2027  0.0026
2028  0.0027
2029  0.0028
2030  0.0029
2031  0.0030
2032  0.0031
2033  0.0032
2034  0.0033
2035  0.0034
2036  0.0036
2037  0.0037
2038  0.0039
2039  0.0040
2040  0.0041
2041  0.0043
2042  0.0044
2043  0.0046
2044  0.0047
2045  0.0049
2046  0.0050
2047  0.0052
2048  0.0054
2049  0.0055
2050  0.0057
2051  0.0059
2052  0.0061
2053  0.0063
2054  0.0065
2055  0.0067
2056  0.0069
2057  0.0071
2058  0.0073
2059  0.0074
2060  0.0076
2061  0.0079
2062  0.0081
2063  0.0083
2064  0.0086
2065  0.0088
2066  0.0091
2067  0.0093
2068  0.0095
2069  0.0098
2070  0.0100
2071  0.0103
2072  0.0105
2073  0.0108
2074  0.0110
2075  0.0113
2076  0.0115
2077  0.0118
2078  0.0120
2079  0.0123
2080  0.0126
2081  0.0129
2082  0.0132
2083  0.0134
2084  0.0137
2085  0.0140
2086  0.0143
2087  0.0145
2088  0.0148
2089  0.0151
2090  0.0154
2091  0.0157
2092  0.0159
2093  0.0162
2094  0.0165
2095  0.0168
2096  0.0171
2097  0.0174
2098  0.0177
2099  0.0180
2100  0.0183
