2007  0.0247
2008  0.0271
2009  0.0293
2010  0.0313
2011  0.0339
2012  0.0366
2013  0.0396
2014  0.0429
2015  0.0454
2016  0.0481
2017  0.0516
2018  0.0544
2019  0.0571
2020  0.0600
2021  0.0628
2022  0.0658
2023  0.0691
2024  0.0723
2025  0.0757
2026  0.0791
2027  0.0825
2028  0.0858
2029  0.0894
2030  0.0929
2031  0.0960
2032  0.0992
2033  0.1027
2034  0.1061
2035  0.1094
2036  0.1133
2037  0.1173
2038  0.1213
2039  0.1248
2040  0.1285
2041  0.1326
2042  0.1365
2043  0.1402
2044  0.1437
2045  0.1472
2046  0.1510
2047  0.1550
2048  0.1589
2049  0.1630
2050  0.1672
2051  0.1712
2052  0.1750
2053  0.1786
2054  0.1822
2055  0.1861
2056  0.1883
2057  0.1921
2058  0.1974
2059  0.2012
2060  0.2051
2061  0.2089
2062  0.2127
2063  0.2165
2064  0.2208
2065  0.2249
2066  0.2287
2067  0.2326
2068  0.2367
2069  0.2409
2070  0.2452
2071  0.2493
2072  0.2532
2073  0.2568
2074  0.2606
2075  0.2644
2076  0.2684
2077  0.2726
2078  0.2765
2079  0.2804
2080  0.2846
2081  0.2885
2082  0.2923
2083  0.2962
2084  0.2999
2085  0.3032
2086  0.3067
2087  0.3105
2088  0.3141
2089  0.3174
2090  0.3207
2091  0.3243
2092  0.3281
2093  0.3317
2094  0.3353
2095  0.3390
2096  0.3423
2097  0.3458
2098  0.3494
2099  0.3530
2100  0.3568
