2007  0.0017
2008  0.0020
2009  0.0023
2010  0.0026
2011  0.0029
2012  0.0033
2013  0.0037
2014  0.0041
2015  0.0044
2016  0.0048
2017  0.0052
2018  0.0057
2019  0.0061
2020  0.0066
2021  0.0071
2022  0.0076
2023  0.0081
2024  0.0087
2025  0.0093
2026  0.0100
2027  0.0106
2028  0.0113
2029  0.0119
2030  0.0125
2031  0.0132
2032  0.0139
2033  0.0147
2034  0.0154
2035  0.0162
2036  0.0170
2037  0.0178
2038  0.0187
2039  0.0196
2040  0.0204
2041  0.0213
2042  0.0222
2043  0.0232
2044  0.0242
2045  0.0252
2046  0.0262
2047  0.0272
2048  0.0282
2049  0.0293
2050  0.0305
2051  0.0316
2052  0.0328
2053  0.0340
2054  0.0352
2055  0.0364
2056  0.0377
2057  0.0389
2058  0.0402
2059  0.0416
2060  0.0431
2061  0.0445
2062  0.0459
2063  0.0475
2064  0.0489
2065  0.0504
2066  0.0519
2067  0.0535
2068  0.0550
2069  0.0565
2070  0.0581
2071  0.0597
2072  0.0614
2073  0.0630
2074  0.0647
2075  0.0663
2076  0.0679
2077  0.0696
2078  0.0713
2079  0.0730
2080  0.0748
2081  0.0766
2082  0.0784
2083  0.0802
2084  0.0819
2085  0.0837
2086  0.0856
2087  0.0873
2088  0.0891
2089  0.0908
2090  0.0926
2091  0.0943
2092  0.0960
2093  0.0979
2094  0.0997
2095  0.1014
2096  0.1032
2097  0.1050
2098  0.1067
2099  0.1086
2100  0.1106
