2007  0.0015
2008  0.0015
2009  0.0016
2010  0.0016
2011  0.0016
2012  0.0016
2013  0.0017
2014  0.0017
2015  0.0018
2016  0.0018
2017  0.0019
2018  0.0020
2019  0.0020
2020  0.0021
2021  0.0021
2022  0.0022
2023  0.0022
2024  0.0023
2025  0.0024
2026  0.0024
2027  0.0025
2028  0.0026
2029  0.0027
2030  0.0028
2031  0.0029
2032  0.0030
2033  0.0030
2034  0.0031
2035  0.0032
2036  0.0033
2037  0.0034
2038  0.0036
2039  0.0037
2040  0.0038
2041  0.0039
2042  0.0041
2043  0.0042
2044  0.0043
2045  0.0044
2046  0.0046
2047  0.0047
2048  0.0048
2049  0.0050
2050  0.0051
2051  0.0053
2052  0.0055
2053  0.0056
2054  0.0057
2055  0.0059
2056  0.0061
2057  0.0062
2058  0.0064
2059  0.0066
2060  0.0067
2061  0.0069
2062  0.0071
2063  0.0074
2064  0.0076
2065  0.0078
2066  0.0080
2067  0.0082
2068  0.0085
2069  0.0087
2070  0.0090
2071  0.0092
2072  0.0095
2073  0.0098
2074  0.0101
2075  0.0104
2076  0.0106
2077  0.0109
2078  0.0112
2079  0.0116
2080  0.0119
2081  0.0123
2082  0.0126
2083  0.0130
2084  0.0133
2085  0.0137
2086  0.0141
2087  0.0144
2088  0.0148
2089  0.0152
2090  0.0156
2091  0.0160
2092  0.0164
2093  0.0168
2094  0.0173
2095  0.0177
2096  0.0181
2097  0.0186
2098  0.0190
2099  0.0195
2100  0.0199
