2007  0.0130
2008  0.0143
2009  0.0157
2010  0.0172
2011  0.0185
2012  0.0200
2013  0.0214
2014  0.0232
2015  0.0250
2016  0.0264
2017  0.0279
2018  0.0295
2019  0.0309
2020  0.0325
2021  0.0342
2022  0.0358
2023  0.0372
2024  0.0387
2025  0.0403
2026  0.0423
2027  0.0442
2028  0.0456
2029  0.0473
2030  0.0489
2031  0.0506
2032  0.0523
2033  0.0539
2034  0.0557
2035  0.0576
2036  0.0593
2037  0.0615
2038  0.0637
2039  0.0655
2040  0.0671
2041  0.0693
2042  0.0714
2043  0.0732
2044  0.0749
2045  0.0769
2046  0.0789
2047  0.0810
2048  0.0832
2049  0.0854
2050  0.0876
2051  0.0894
2052  0.0912
2053  0.0934
2054  0.0955
2055  0.0975
2056  0.0996
2057  0.1020
2058  0.1045
2059  0.1068
2060  0.1092
2061  0.1116
2062  0.1140
2063  0.1159
2064  0.1184
2065  0.1211
2066  0.1235
2067  0.1262
2068  0.1287
2069  0.1314
2070  0.1343
2071  0.1374
2072  0.1401
2073  0.1427
2074  0.1451
2075  0.1477
2076  0.1505
2077  0.1535
2078  0.1564
2079  0.1592
2080  0.1622
2081  0.1653
2082  0.1682
2083  0.1708
2084  0.1735
2085  0.1766
2086  0.1794
2087  0.1823
2088  0.1853
2089  0.1883
2090  0.1910
2091  0.1938
2092  0.1969
2093  0.1998
2094  0.2027
2095  0.2054
2096  0.2079
2097  0.2104
2098  0.2131
2099  0.2161
2100  0.2189
