2007  0.0078
2008  0.0090
2009  0.0100
2010  0.0109
2011  0.0115
2012  0.0127
2013  0.0137
2014  0.0151
2015  0.0164
2016  0.0177
2017  0.0191
2018  0.0202
2019  0.0212
2020  0.0221
2021  0.0237
2022  0.0251
2023  0.0263
2024  0.0273
2025  0.0285
2026  0.0304
2027  0.0319
2028  0.0329
2029  0.0342
2030  0.0355
2031  0.0370
2032  0.0383
2033  0.0398
2034  0.0413
2035  0.0428
2036  0.0441
2037  0.0460
2038  0.0478
2039  0.0494
2040  0.0509
2041  0.0525
2042  0.0539
2043  0.0555
2044  0.0570
2045  0.0586
2046  0.0600
2047  0.0615
2048  0.0630
2049  0.0646
2050  0.0665
2051  0.0682
2052  0.0697
2053  0.0710
2054  0.0727
2055  0.0743
2056  0.0758
2057  0.0775
2058  0.0791
2059  0.0809
2060  0.0829
2061  0.0852
2062  0.0867
2063  0.0884
2064  0.0903
2065  0.0925
2066  0.0943
2067  0.0966
2068  0.0988
2069  0.1012
2070  0.1034
2071  0.1058
2072  0.1081
2073  0.1101
2074  0.1123
2075  0.1145
2076  0.1166
2077  0.1192
2078  0.1213
2079  0.1233
2080  0.1254
2081  0.1277
2082  0.1300
2083  0.1320
2084  0.1341
2085  0.1363
2086  0.1384
2087  0.1405
2088  0.1427
2089  0.1452
2090  0.1471
2091  0.1494
2092  0.1521
2093  0.1543
2094  0.1565
2095  0.1584
2096  0.1601
2097  0.1620
2098  0.1640
2099  0.1663
2100  0.1684
