2007  0.0029
2008  0.0033
2009  0.0038
2010  0.0042
2011  0.0047
2012  0.0051
2013  0.0056
2014  0.0061
2015  0.0066
2016  0.0071
2017  0.0076
2018  0.0081
2019  0.0086
2020  0.0092
2021  0.0097
2022  0.0103
2023  0.0108
2024  0.0114
2025  0.0120
2026  0.0126
2027  0.0132
2028  0.0138
2029  0.0144
2030  0.0151
2031  0.0157
2032  0.0164
2033  0.0170
2034  0.0177
2035  0.0184
2036  0.0191
2037  0.0198
2038  0.0205
2039  0.0212
2040  0.0219
2041  0.0227
2042  0.0234
2043  0.0242
2044  0.0249
2045  0.0257
2046  0.0265
2047  0.0273
2048  0.0281
2049  0.0289
2050  0.0297
2051  0.0306
2052  0.0314
2053  0.0323
2054  0.0331
2055  0.0340
2056  0.0349
2057  0.0358
2058  0.0367
2059  0.0376
2060  0.0385
2061  0.0394
2062  0.0404
2063  0.0413
2064  0.0423
2065  0.0432
2066  0.0442
2067  0.0452
2068  0.0462
2069  0.0472
2070  0.0482
2071  0.0492
2072  0.0502
2073  0.0513
2074  0.0523
2075  0.0534
2076  0.0545
2077  0.0555
2078  0.0566
2079  0.0577
2080  0.0588
2081  0.0600
2082  0.0611
2083  0.0622
2084  0.0634
2085  0.0645
2086  0.0657
2087  0.0669
2088  0.0681
2089  0.0692
2090  0.0704
2091  0.0717
2092  0.0729
2093  0.0741
2094  0.0754
2095  0.0766
2096  0.0779
2097  0.0791
2098  0.0804
2099  0.0817
2100  0.0830
