2007  0.0132
2008  0.0153
2009  0.0173
2010  0.0194
2011  0.0212
2012  0.0231
2013  0.0249
2014  0.0268
2015  0.0285
2016  0.0302
2017  0.0319
2018  0.0336
2019  0.0354
2020  0.0371
2021  0.0388
2022  0.0405
2023  0.0422
2024  0.0440
2025  0.0458
2026  0.0475
2027  0.0492
2028  0.0509
2029  0.0525
2030  0.0542
2031  0.0559
2032  0.0575
2033  0.0593
2034  0.0610
2035  0.0627
2036  0.0644
2037  0.0660
2038  0.0678
2039  0.0696
2040  0.0713
2041  0.0730
2042  0.0748
2043  0.0767
2044  0.0785
2045  0.0804
2046  0.0822
2047  0.0841
2048  0.0860
2049  0.0880
2050  0.0899
2051  0.0918
2052  0.0937
2053  0.0957
2054  0.0977
2055  0.0997
2056  0.1017
2057  0.1037
2058  0.1056
2059  0.1077
2060  0.1098
2061  0.1118
2062  0.1139
2063  0.1161
2064  0.1181
2065  0.1202
2066  0.1224
2067  0.1246
2068  0.1269
2069  0.1291
2070  0.1313
2071  0.1336
2072  0.1358
2073  0.1382
2074  0.1405
2075  0.1427
2076  0.1450
2077  0.1474
2078  0.1496
2079  0.1520
2080  0.1544
2081  0.1568
2082  0.1592
2083  0.1617
2084  0.1641
2085  0.1666
2086  0.1691
2087  0.1715
2088  0.1740
2089  0.1765
2090  0.1790
2091  0.1814
2092  0.1839
2093  0.1864
2094  0.1889
2095  0.1914
2096  0.1939
2097  0.1964
2098  0.1989
2099  0.2014
2100  0.2039
