2006  0.3436
2007  0.3051
2008  0.3401
2009  0.3828
2010  0.3800
2011  0.4342
2012  0.4844
2013  0.5336
2014  0.5183
2015  0.4752
2016  0.5533
2017  0.5912
2018  0.5885
2019  0.5731
2020  0.6082
2021  0.6335
2022  0.6683
2023  0.7344
2024  0.7103
2025  0.7268
2026  0.7596
2027  0.7240
2028  0.7661
2029  0.7495
2030  0.7807
2031  0.8004
2032  0.8214
2033  0.8155
2034  0.8895
2035  0.8883
2036  0.8603
2037  0.9788
2038  1.0017
2039  1.0020
2040  0.9485
2041  1.0154
2042  1.0646
2043  1.0756
2044  1.1176
2045  1.0956
2046  1.1115
2047  1.1709
2048  1.1874
2049  1.2127
2050  1.2539
2051  1.2472
2052  1.2440
2053  1.2878
2054  1.3225
2055  1.3568
2056  1.3376
2057  1.3375
2058  1.3795
2059  1.4061
2060  1.4915
2061  1.5232
2062  1.5492
2063  1.5120
2064  1.5781
2065  1.5986
2066  1.6845
2067  1.7430
2068  1.7402
2069  1.7429
2070  1.7569
2071  1.8371
2072  1.8568
2073  1.8799
2074  1.8829
2075  1.8871
2076  1.9163
2077  1.9206
2078  2.0023
2079  2.1253
2080  2.1141
2081  2.1177
2082  2.1307
2083  2.1532
2084  2.2052
2085  2.2638
2086  2.2224
2087  2.2468
2088  2.2781
2089  2.3288
2090  2.2932
2091  2.3552
2092  2.3933
2093  2.3902
2094  2.3958
2095  2.4313
2096  2.4649
2097  2.4231
2098  2.4797
2099  2.5217
