2007  0.0026
2008  0.0027
2009  0.0028
2010  0.0028
2011  0.0029
2012  0.0029
2013  0.0029
2014  0.0029
2015  0.0029
2016  0.0029
2017  0.0028
2018  0.0028
2019  0.0027
2020  0.0026
2021  0.0025
2022  0.0024
2023  0.0023
2024  0.0021
2025  0.0020
2026  0.0018
2027  0.0016
2028  0.0014
2029  0.0012
2030  0.0010
2031  0.0008
2032  0.0006
2033  0.0003
2034  0.0001
2035 -0.0002
2036 -0.0005
2037 -0.0008
2038 -0.0011
2039 -0.0014
2040 -0.0018
2041 -0.0021
2042 -0.0025
2043 -0.0029
2044 -0.0033
2045 -0.0037
2046 -0.0042
2047 -0.0046
2048 -0.0051
2049 -0.0056
2050 -0.0061
2051 -0.0066
2052 -0.0071
2053 -0.0077
2054 -0.0082
2055 -0.0088
2056 -0.0094
2057 -0.0100
2058 -0.0106
2059 -0.0112
2060 -0.0118
2061 -0.0125
2062 -0.0132
2063 -0.0139
2064 -0.0146
2065 -0.0153
2066 -0.0160
2067 -0.0168
2068 -0.0176
2069 -0.0184
2070 -0.0192
2071 -0.0201
2072 -0.0209
2073 -0.0218
2074 -0.0227
2075 -0.0236
2076 -0.0245
2077 -0.0255
2078 -0.0264
2079 -0.0274
2080 -0.0284
2081 -0.0294
2082 -0.0305
2083 -0.0316
2084 -0.0326
2085 -0.0337
2086 -0.0347
2087 -0.0359
2088 -0.0370
2089 -0.0382
2090 -0.0393
2091 -0.0405
2092 -0.0417
2093 -0.0429
2094 -0.0441
2095 -0.0453
2096 -0.0465
2097 -0.0478
2098 -0.0490
2099 -0.0503
2100 -0.0516
