2007  0.0374
2008  0.0420
2009  0.0468
2010  0.0523
2011  0.0572
2012  0.0623
2013  0.0672
2014  0.0725
2015  0.0778
2016  0.0823
2017  0.0870
2018  0.0922
2019  0.0973
2020  0.1026
2021  0.1076
2022  0.1126
2023  0.1176
2024  0.1229
2025  0.1283
2026  0.1338
2027  0.1394
2028  0.1444
2029  0.1499
2030  0.1552
2031  0.1605
2032  0.1662
2033  0.1716
2034  0.1773
2035  0.1833
2036  0.1889
2037  0.1949
2038  0.2013
2039  0.2072
2040  0.2128
2041  0.2192
2042  0.2260
2043  0.2321
2044  0.2383
2045  0.2447
2046  0.2515
2047  0.2583
2048  0.2653
2049  0.2726
2050  0.2793
2051  0.2858
2052  0.2924
2053  0.2997
2054  0.3070
2055  0.3141
2056  0.3214
2057  0.3291
2058  0.3371
2059  0.3448
2060  0.3525
2061  0.3601
2062  0.3680
2063  0.3754
2064  0.3835
2065  0.3919
2066  0.4001
2067  0.4086
2068  0.4169
2069  0.4254
2070  0.4344
2071  0.4437
2072  0.4525
2073  0.4613
2074  0.4699
2075  0.4788
2076  0.4880
2077  0.4973
2078  0.5068
2079  0.5164
2080  0.5264
2081  0.5363
2082  0.5462
2083  0.5557
2084  0.5655
2085  0.5757
2086  0.5857
2087  0.5959
2088  0.6063
2089  0.6166
2090  0.6266
2091  0.6366
2092  0.6470
2093  0.6575
2094  0.6679
2095  0.6783
2096  0.6884
2097  0.6985
2098  0.7091
2099  0.7198
2100  0.7306
