2007  0.0017
2008  0.0020
2009  0.0023
2010  0.0026
2011  0.0029
2012  0.0033
2013  0.0037
2014  0.0041
2015  0.0045
2016  0.0049
2017  0.0053
2018  0.0057
2019  0.0062
2020  0.0066
2021  0.0071
2022  0.0076
2023  0.0081
2024  0.0087
2025  0.0093
2026  0.0098
2027  0.0104
2028  0.0109
2029  0.0115
2030  0.0121
2031  0.0127
2032  0.0133
2033  0.0140
2034  0.0146
2035  0.0153
2036  0.0159
2037  0.0166
2038  0.0173
2039  0.0181
2040  0.0188
2041  0.0195
2042  0.0203
2043  0.0212
2044  0.0220
2045  0.0229
2046  0.0238
2047  0.0247
2048  0.0256
2049  0.0266
2050  0.0276
2051  0.0286
2052  0.0296
2053  0.0307
2054  0.0317
2055  0.0329
2056  0.0340
2057  0.0351
2058  0.0362
2059  0.0374
2060  0.0386
2061  0.0399
2062  0.0412
2063  0.0425
2064  0.0438
2065  0.0452
2066  0.0466
2067  0.0481
2068  0.0496
2069  0.0512
2070  0.0528
2071  0.0544
2072  0.0560
2073  0.0577
2074  0.0595
2075  0.0612
2076  0.0629
2077  0.0647
2078  0.0665
2079  0.0683
2080  0.0703
2081  0.0724
2082  0.0744
2083  0.0765
2084  0.0786
2085  0.0808
2086  0.0830
2087  0.0852
2088  0.0875
2089  0.0897
2090  0.0921
2091  0.0943
2092  0.0967
2093  0.0992
2094  0.1016
2095  0.1040
2096  0.1064
2097  0.1089
2098  0.1114
2099  0.1140
2100  0.1166
