2007  0.0031
2008  0.0036
2009  0.0042
2010  0.0049
2011  0.0055
2012  0.0062
2013  0.0069
2014  0.0076
2015  0.0083
2016  0.0091
2017  0.0099
2018  0.0107
2019  0.0115
2020  0.0124
2021  0.0132
2022  0.0141
2023  0.0150
2024  0.0160
2025  0.0169
2026  0.0179
2027  0.0189
2028  0.0200
2029  0.0210
2030  0.0221
2031  0.0232
2032  0.0243
2033  0.0255
2034  0.0267
2035  0.0279
2036  0.0291
2037  0.0303
2038  0.0316
2039  0.0329
2040  0.0342
2041  0.0355
2042  0.0369
2043  0.0382
2044  0.0396
2045  0.0410
2046  0.0425
2047  0.0440
2048  0.0455
2049  0.0470
2050  0.0485
2051  0.0501
2052  0.0516
2053  0.0532
2054  0.0549
2055  0.0565
2056  0.0582
2057  0.0598
2058  0.0616
2059  0.0633
2060  0.0651
2061  0.0669
2062  0.0686
2063  0.0705
2064  0.0723
2065  0.0741
2066  0.0760
2067  0.0779
2068  0.0799
2069  0.0818
2070  0.0837
2071  0.0857
2072  0.0877
2073  0.0898
2074  0.0918
2075  0.0939
2076  0.0960
2077  0.0981
2078  0.1002
2079  0.1024
2080  0.1046
2081  0.1068
2082  0.1090
2083  0.1112
2084  0.1135
2085  0.1158
2086  0.1180
2087  0.1204
2088  0.1227
2089  0.1251
2090  0.1275
2091  0.1299
2092  0.1324
2093  0.1349
2094  0.1374
2095  0.1399
2096  0.1424
2097  0.1449
2098  0.1475
2099  0.1501
2100  0.1527
