2007  0.0035
2008  0.0041
2009  0.0047
2010  0.0054
2011  0.0061
2012  0.0068
2013  0.0075
2014  0.0083
2015  0.0090
2016  0.0098
2017  0.0106
2018  0.0114
2019  0.0122
2020  0.0131
2021  0.0139
2022  0.0148
2023  0.0157
2024  0.0166
2025  0.0176
2026  0.0185
2027  0.0195
2028  0.0204
2029  0.0214
2030  0.0224
2031  0.0234
2032  0.0244
2033  0.0255
2034  0.0265
2035  0.0276
2036  0.0287
2037  0.0298
2038  0.0309
2039  0.0321
2040  0.0333
2041  0.0344
2042  0.0357
2043  0.0369
2044  0.0382
2045  0.0396
2046  0.0409
2047  0.0422
2048  0.0436
2049  0.0450
2050  0.0465
2051  0.0479
2052  0.0494
2053  0.0509
2054  0.0524
2055  0.0540
2056  0.0556
2057  0.0572
2058  0.0588
2059  0.0605
2060  0.0622
2061  0.0640
2062  0.0657
2063  0.0676
2064  0.0693
2065  0.0712
2066  0.0731
2067  0.0751
2068  0.0771
2069  0.0791
2070  0.0812
2071  0.0833
2072  0.0855
2073  0.0877
2074  0.0899
2075  0.0922
2076  0.0944
2077  0.0967
2078  0.0990
2079  0.1014
2080  0.1039
2081  0.1064
2082  0.1090
2083  0.1116
2084  0.1143
2085  0.1169
2086  0.1197
2087  0.1224
2088  0.1252
2089  0.1280
2090  0.1309
2091  0.1337
2092  0.1366
2093  0.1396
2094  0.1426
2095  0.1456
2096  0.1486
2097  0.1516
2098  0.1546
2099  0.1578
2100  0.1610
