2007  0.0244
2008  0.0269
2009  0.0291
2010  0.0309
2011  0.0327
2012  0.0353
2013  0.0379
2014  0.0411
2015  0.0440
2016  0.0466
2017  0.0499
2018  0.0526
2019  0.0551
2020  0.0574
2021  0.0605
2022  0.0637
2023  0.0665
2024  0.0693
2025  0.0721
2026  0.0757
2027  0.0790
2028  0.0818
2029  0.0850
2030  0.0880
2031  0.0911
2032  0.0942
2033  0.0974
2034  0.1005
2035  0.1039
2036  0.1071
2037  0.1109
2038  0.1148
2039  0.1184
2040  0.1219
2041  0.1254
2042  0.1286
2043  0.1321
2044  0.1355
2045  0.1390
2046  0.1424
2047  0.1458
2048  0.1493
2049  0.1529
2050  0.1568
2051  0.1604
2052  0.1640
2053  0.1673
2054  0.1709
2055  0.1744
2056  0.1781
2057  0.1819
2058  0.1855
2059  0.1893
2060  0.1933
2061  0.1976
2062  0.2014
2063  0.2052
2064  0.2093
2065  0.2136
2066  0.2176
2067  0.2221
2068  0.2266
2069  0.2312
2070  0.2357
2071  0.2404
2072  0.2450
2073  0.2493
2074  0.2537
2075  0.2582
2076  0.2626
2077  0.2675
2078  0.2720
2079  0.2765
2080  0.2812
2081  0.2860
2082  0.2908
2083  0.2952
2084  0.2997
2085  0.3046
2086  0.3092
2087  0.3139
2088  0.3186
2089  0.3235
2090  0.3281
2091  0.3328
2092  0.3380
2093  0.3427
2094  0.3475
2095  0.3521
2096  0.3564
2097  0.3609
2098  0.3655
2099  0.3704
2100  0.3751
