2007  0.0311
2008  0.0347
2009  0.0383
2010  0.0421
2011  0.0455
2012  0.0494
2013  0.0531
2014  0.0573
2015  0.0614
2016  0.0650
2017  0.0689
2018  0.0728
2019  0.0766
2020  0.0805
2021  0.0845
2022  0.0886
2023  0.0924
2024  0.0965
2025  0.1006
2026  0.1051
2027  0.1095
2028  0.1134
2029  0.1176
2030  0.1218
2031  0.1260
2032  0.1303
2033  0.1345
2034  0.1390
2035  0.1436
2036  0.1479
2037  0.1527
2038  0.1578
2039  0.1624
2040  0.1669
2041  0.1719
2042  0.1768
2043  0.1815
2044  0.1863
2045  0.1912
2046  0.1962
2047  0.2013
2048  0.2065
2049  0.2119
2050  0.2171
2051  0.2221
2052  0.2271
2053  0.2324
2054  0.2378
2055  0.2430
2056  0.2484
2057  0.2541
2058  0.2599
2059  0.2655
2060  0.2713
2061  0.2772
2062  0.2830
2063  0.2885
2064  0.2946
2065  0.3008
2066  0.3068
2067  0.3132
2068  0.3196
2069  0.3260
2070  0.3327
2071  0.3396
2072  0.3462
2073  0.3527
2074  0.3592
2075  0.3657
2076  0.3724
2077  0.3795
2078  0.3863
2079  0.3933
2080  0.4006
2081  0.4079
2082  0.4151
2083  0.4220
2084  0.4290
2085  0.4364
2086  0.4436
2087  0.4510
2088  0.4584
2089  0.4659
2090  0.4731
2091  0.4804
2092  0.4881
2093  0.4956
2094  0.5031
2095  0.5104
2096  0.5175
2097  0.5248
2098  0.5322
2099  0.5399
2100  0.5475
