2007  0.0099
2008  0.0101
2009  0.0101
2010  0.0100
2011  0.0100
2012  0.0102
2013  0.0105
2014  0.0110
2015  0.0114
2016  0.0115
2017  0.0120
2018  0.0124
2019  0.0126
2020  0.0128
2021  0.0131
2022  0.0135
2023  0.0139
2024  0.0143
2025  0.0147
2026  0.0151
2027  0.0156
2028  0.0161
2029  0.0167
2030  0.0171
2031  0.0174
2032  0.0179
2033  0.0183
2034  0.0187
2035  0.0193
2036  0.0198
2037  0.0204
2038  0.0211
2039  0.0218
2040  0.0225
2041  0.0231
2042  0.0236
2043  0.0242
2044  0.0247
2045  0.0253
2046  0.0259
2047  0.0265
2048  0.0271
2049  0.0277
2050  0.0283
2051  0.0290
2052  0.0297
2053  0.0303
2054  0.0309
2055  0.0315
2056  0.0322
2057  0.0329
2058  0.0335
2059  0.0340
2060  0.0347
2061  0.0354
2062  0.0362
2063  0.0370
2064  0.0378
2065  0.0385
2066  0.0393
2067  0.0401
2068  0.0410
2069  0.0419
2070  0.0427
2071  0.0435
2072  0.0444
2073  0.0453
2074  0.0462
2075  0.0471
2076  0.0480
2077  0.0489
2078  0.0498
2079  0.0508
2080  0.0519
2081  0.0528
2082  0.0538
2083  0.0548
2084  0.0557
2085  0.0567
2086  0.0578
2087  0.0588
2088  0.0597
2089  0.0607
2090  0.0618
2091  0.0628
2092  0.0639
2093  0.0649
2094  0.0659
2095  0.0670
2096  0.0681
2097  0.0691
2098  0.0702
2099  0.0712
2100  0.0722
