2007 -0.0002
2008 -0.0004
2009 -0.0006
2010 -0.0008
2011 -0.0010
2012 -0.0013
2013 -0.0015
2014 -0.0018
2015 -0.0021
2016 -0.0024
2017 -0.0026
2018 -0.0029
2019 -0.0033
2020 -0.0036
2021 -0.0039
2022 -0.0042
2023 -0.0046
2024 -0.0050
2025 -0.0053
2026 -0.0057
2027 -0.0061
2028 -0.0064
2029 -0.0068
2030 -0.0072
2031 -0.0076
2032 -0.0080
2033 -0.0084
2034 -0.0088
2035 -0.0093
2036 -0.0097
2037 -0.0101
2038 -0.0106
2039 -0.0110
2040 -0.0115
2041 -0.0120
2042 -0.0125
2043 -0.0130
2044 -0.0135
2045 -0.0141
2046 -0.0146
2047 -0.0151
2048 -0.0157
2049 -0.0163
2050 -0.0169
2051 -0.0175
2052 -0.0180
2053 -0.0186
2054 -0.0193
2055 -0.0199
2056 -0.0206
2057 -0.0212
2058 -0.0219
2059 -0.0226
2060 -0.0232
2061 -0.0239
2062 -0.0246
2063 -0.0254
2064 -0.0261
2065 -0.0268
2066 -0.0276
2067 -0.0284
2068 -0.0292
2069 -0.0299
2070 -0.0307
2071 -0.0316
2072 -0.0324
2073 -0.0333
2074 -0.0342
2075 -0.0350
2076 -0.0359
2077 -0.0368
2078 -0.0376
2079 -0.0385
2080 -0.0395
2081 -0.0405
2082 -0.0414
2083 -0.0424
2084 -0.0434
2085 -0.0444
2086 -0.0454
2087 -0.0464
2088 -0.0474
2089 -0.0485
2090 -0.0495
2091 -0.0506
2092 -0.0516
2093 -0.0527
2094 -0.0538
2095 -0.0548
2096 -0.0559
2097 -0.0570
2098 -0.0581
2099 -0.0592
2100 -0.0604
