2007  0.0032
2008  0.0036
2009  0.0039
2010  0.0042
2011  0.0045
2012  0.0049
2013  0.0052
2014  0.0056
2015  0.0060
2016  0.0063
2017  0.0067
2018  0.0070
2019  0.0074
2020  0.0078
2021  0.0081
2022  0.0085
2023  0.0089
2024  0.0093
2025  0.0097
2026  0.0101
2027  0.0105
2028  0.0109
2029  0.0113
2030  0.0117
2031  0.0121
2032  0.0125
2033  0.0129
2034  0.0133
2035  0.0137
2036  0.0142
2037  0.0146
2038  0.0151
2039  0.0155
2040  0.0160
2041  0.0164
2042  0.0169
2043  0.0174
2044  0.0178
2045  0.0183
2046  0.0188
2047  0.0193
2048  0.0197
2049  0.0202
2050  0.0207
2051  0.0213
2052  0.0218
2053  0.0223
2054  0.0228
2055  0.0233
2056  0.0239
2057  0.0244
2058  0.0249
2059  0.0254
2060  0.0260
2061  0.0266
2062  0.0272
2063  0.0277
2064  0.0283
2065  0.0289
2066  0.0295
2067  0.0302
2068  0.0308
2069  0.0315
2070  0.0321
2071  0.0328
2072  0.0334
2073  0.0341
2074  0.0348
2075  0.0355
2076  0.0362
2077  0.0370
2078  0.0377
2079  0.0384
2080  0.0392
2081  0.0399
2082  0.0407
2083  0.0415
2084  0.0423
2085  0.0431
2086  0.0439
2087  0.0447
2088  0.0455
2089  0.0464
2090  0.0472
2091  0.0481
2092  0.0489
2093  0.0498
2094  0.0507
2095  0.0515
2096  0.0524
2097  0.0533
2098  0.0542
2099  0.0551
2100  0.0561
