2007  0.0028
2008  0.0032
2009  0.0035
2010  0.0039
2011  0.0043
2012  0.0046
2013  0.0050
2014  0.0053
2015  0.0057
2016  0.0061
2017  0.0065
2018  0.0068
2019  0.0072
2020  0.0076
2021  0.0080
2022  0.0084
2023  0.0088
2024  0.0092
2025  0.0097
2026  0.0101
2027  0.0105
2028  0.0109
2029  0.0114
2030  0.0118
2031  0.0123
2032  0.0127
2033  0.0132
2034  0.0137
2035  0.0141
2036  0.0146
2037  0.0151
2038  0.0156
2039  0.0161
2040  0.0165
2041  0.0170
2042  0.0176
2043  0.0181
2044  0.0186
2045  0.0191
2046  0.0196
2047  0.0201
2048  0.0206
2049  0.0212
2050  0.0217
2051  0.0222
2052  0.0228
2053  0.0233
2054  0.0239
2055  0.0244
2056  0.0250
2057  0.0255
2058  0.0261
2059  0.0267
2060  0.0272
2061  0.0278
2062  0.0284
2063  0.0290
2064  0.0296
2065  0.0301
2066  0.0307
2067  0.0313
2068  0.0319
2069  0.0325
2070  0.0331
2071  0.0337
2072  0.0343
2073  0.0348
2074  0.0354
2075  0.0361
2076  0.0367
2077  0.0373
2078  0.0379
2079  0.0385
2080  0.0391
2081  0.0397
2082  0.0403
2083  0.0409
2084  0.0416
2085  0.0422
2086  0.0428
2087  0.0434
2088  0.0441
2089  0.0447
2090  0.0454
2091  0.0460
2092  0.0467
2093  0.0473
2094  0.0480
2095  0.0487
2096  0.0493
2097  0.0500
2098  0.0507
2099  0.0514
2100  0.0521
