2007  0.0016
2008  0.0017
2009  0.0018
2010  0.0019
2011  0.0020
2012  0.0022
2013  0.0023
2014  0.0025
2015  0.0027
2016  0.0028
2017  0.0030
2018  0.0032
2019  0.0034
2020  0.0035
2021  0.0037
2022  0.0039
2023  0.0041
2024  0.0044
2025  0.0046
2026  0.0048
2027  0.0051
2028  0.0053
2029  0.0055
2030  0.0058
2031  0.0060
2032  0.0063
2033  0.0065
2034  0.0068
2035  0.0071
2036  0.0074
2037  0.0076
2038  0.0080
2039  0.0083
2040  0.0086
2041  0.0089
2042  0.0093
2043  0.0096
2044  0.0100
2045  0.0104
2046  0.0107
2047  0.0111
2048  0.0115
2049  0.0119
2050  0.0123
2051  0.0127
2052  0.0131
2053  0.0136
2054  0.0140
2055  0.0145
2056  0.0149
2057  0.0154
2058  0.0159
2059  0.0164
2060  0.0169
2061  0.0174
2062  0.0179
2063  0.0185
2064  0.0191
2065  0.0196
2066  0.0202
2067  0.0208
2068  0.0215
2069  0.0222
2070  0.0228
2071  0.0235
2072  0.0242
2073  0.0249
2074  0.0257
2075  0.0264
2076  0.0271
2077  0.0279
2078  0.0287
2079  0.0295
2080  0.0303
2081  0.0312
2082  0.0321
2083  0.0330
2084  0.0339
2085  0.0348
2086  0.0358
2087  0.0367
2088  0.0377
2089  0.0386
2090  0.0396
2091  0.0406
2092  0.0416
2093  0.0427
2094  0.0437
2095  0.0448
2096  0.0459
2097  0.0470
2098  0.0481
2099  0.0492
2100  0.0503
