2007  0.0034
2008  0.0038
2009  0.0042
2010  0.0047
2011  0.0052
2012  0.0056
2013  0.0061
2014  0.0067
2015  0.0072
2016  0.0077
2017  0.0082
2018  0.0087
2019  0.0093
2020  0.0098
2021  0.0104
2022  0.0110
2023  0.0115
2024  0.0121
2025  0.0127
2026  0.0133
2027  0.0140
2028  0.0146
2029  0.0152
2030  0.0158
2031  0.0165
2032  0.0171
2033  0.0178
2034  0.0184
2035  0.0191
2036  0.0198
2037  0.0205
2038  0.0212
2039  0.0220
2040  0.0227
2041  0.0234
2042  0.0242
2043  0.0250
2044  0.0257
2045  0.0265
2046  0.0273
2047  0.0281
2048  0.0290
2049  0.0298
2050  0.0307
2051  0.0315
2052  0.0324
2053  0.0333
2054  0.0342
2055  0.0351
2056  0.0360
2057  0.0369
2058  0.0378
2059  0.0388
2060  0.0397
2061  0.0407
2062  0.0418
2063  0.0428
2064  0.0438
2065  0.0449
2066  0.0459
2067  0.0470
2068  0.0482
2069  0.0493
2070  0.0505
2071  0.0516
2072  0.0528
2073  0.0541
2074  0.0553
2075  0.0565
2076  0.0578
2077  0.0590
2078  0.0603
2079  0.0616
2080  0.0630
2081  0.0644
2082  0.0658
2083  0.0672
2084  0.0686
2085  0.0700
2086  0.0715
2087  0.0730
2088  0.0745
2089  0.0760
2090  0.0775
2091  0.0790
2092  0.0806
2093  0.0822
2094  0.0838
2095  0.0854
2096  0.0870
2097  0.0887
2098  0.0903
2099  0.0920
2100  0.0937
