2006  0.6209
2007  0.5758
2008  0.6632
2009  0.8055
2010  0.7703
2011  0.8079
2012  0.8706
2013  0.8905
2014  0.8834
2015  0.9346
2016  0.8874
2017  0.9990
2018  1.0585
2019  1.0620
2020  1.0903
2021  1.0443
2022  1.1287
2023  1.2099
2024  1.2196
2025  1.2406
2026  1.1878
2027  1.1630
2028  1.1997
2029  1.2411
2030  1.3200
2031  1.2727
2032  1.3784
2033  1.3761
2034  1.3750
2035  1.3827
2036  1.3051
2037  1.4509
2038  1.4793
2039  1.4759
2040  1.4472
2041  1.6038
2042  1.6656
2043  1.6926
2044  1.7176
2045  1.6604
2046  1.7551
2047  1.8084
2048  1.8369
2049  1.8401
2050  1.8754
2051  1.8225
2052  1.9786
2053  2.0231
2054  2.0458
2055  2.0166
2056  1.9820
2057  2.0410
2058  2.2226
2059  2.1627
2060  2.2164
2061  2.2124
2062  2.2624
2063  2.2178
2064  2.3010
2065  2.3823
2066  2.5068
2067  2.4388
2068  2.4449
2069  2.5537
2070  2.6066
2071  2.5988
2072  2.6666
2073  2.6685
2074  2.6484
2075  2.7152
2076  2.7184
2077  2.7306
2078  2.7776
2079  2.8942
2080  2.9620
2081  2.9891
2082  3.0237
2083  3.0263
2084  3.0455
2085  3.1258
2086  3.1034
2087  3.1645
2088  3.1773
2089  3.1722
2090  3.1453
2091  3.2089
2092  3.3227
2093  3.2680
2094  3.2885
2095  3.2679
2096  3.2978
2097  3.3264
2098  3.3885
2099  3.4786
