2007 -0.0001
2008 -0.0001
2009 -0.0002
2010 -0.0003
2011 -0.0004
2012 -0.0005
2013 -0.0006
2014 -0.0007
2015 -0.0008
2016 -0.0009
2017 -0.0011
2018 -0.0012
2019 -0.0013
2020 -0.0015
2021 -0.0016
2022 -0.0017
2023 -0.0019
2024 -0.0021
2025 -0.0022
2026 -0.0024
2027 -0.0026
2028 -0.0027
2029 -0.0029
2030 -0.0031
2031 -0.0032
2032 -0.0034
2033 -0.0036
2034 -0.0038
2035 -0.0040
2036 -0.0042
2037 -0.0044
2038 -0.0046
2039 -0.0049
2040 -0.0051
2041 -0.0053
2042 -0.0055
2043 -0.0058
2044 -0.0060
2045 -0.0063
2046 -0.0065
2047 -0.0068
2048 -0.0071
2049 -0.0073
2050 -0.0076
2051 -0.0079
2052 -0.0082
2053 -0.0085
2054 -0.0088
2055 -0.0091
2056 -0.0094
2057 -0.0097
2058 -0.0100
2059 -0.0103
2060 -0.0106
2061 -0.0110
2062 -0.0113
2063 -0.0117
2064 -0.0120
2065 -0.0124
2066 -0.0128
2067 -0.0132
2068 -0.0136
2069 -0.0140
2070 -0.0144
2071 -0.0148
2072 -0.0152
2073 -0.0156
2074 -0.0161
2075 -0.0165
2076 -0.0169
2077 -0.0174
2078 -0.0178
2079 -0.0183
2080 -0.0188
2081 -0.0193
2082 -0.0198
2083 -0.0203
2084 -0.0208
2085 -0.0213
2086 -0.0218
2087 -0.0224
2088 -0.0229
2089 -0.0234
2090 -0.0240
2091 -0.0245
2092 -0.0250
2093 -0.0256
2094 -0.0262
2095 -0.0267
2096 -0.0273
2097 -0.0279
2098 -0.0284
2099 -0.0290
2100 -0.0296
