2007  0.0113
2008  0.0124
2009  0.0134
2010  0.0145
2011  0.0154
2012  0.0164
2013  0.0175
2014  0.0186
2015  0.0196
2016  0.0205
2017  0.0216
2018  0.0226
2019  0.0236
2020  0.0246
2021  0.0256
2022  0.0266
2023  0.0277
2024  0.0288
2025  0.0298
2026  0.0309
2027  0.0320
2028  0.0330
2029  0.0341
2030  0.0351
2031  0.0361
2032  0.0372
2033  0.0382
2034  0.0393
2035  0.0404
2036  0.0415
2037  0.0425
2038  0.0437
2039  0.0449
2040  0.0461
2041  0.0472
2042  0.0484
2043  0.0496
2044  0.0508
2045  0.0520
2046  0.0532
2047  0.0544
2048  0.0556
2049  0.0569
2050  0.0582
2051  0.0595
2052  0.0607
2053  0.0620
2054  0.0633
2055  0.0646
2056  0.0659
2057  0.0672
2058  0.0685
2059  0.0698
2060  0.0712
2061  0.0726
2062  0.0740
2063  0.0754
2064  0.0768
2065  0.0782
2066  0.0797
2067  0.0812
2068  0.0827
2069  0.0842
2070  0.0858
2071  0.0873
2072  0.0888
2073  0.0904
2074  0.0920
2075  0.0936
2076  0.0951
2077  0.0967
2078  0.0983
2079  0.0999
2080  0.1016
2081  0.1033
2082  0.1050
2083  0.1067
2084  0.1083
2085  0.1100
2086  0.1118
2087  0.1135
2088  0.1152
2089  0.1169
2090  0.1187
2091  0.1204
2092  0.1221
2093  0.1239
2094  0.1256
2095  0.1274
2096  0.1291
2097  0.1309
2098  0.1326
2099  0.1344
2100  0.1361
