2007  0.0181
2008  0.0196
2009  0.0213
2010  0.0235
2011  0.0254
2012  0.0274
2013  0.0291
2014  0.0314
2015  0.0337
2016  0.0351
2017  0.0367
2018  0.0388
2019  0.0407
2020  0.0429
2021  0.0446
2022  0.0465
2023  0.0482
2024  0.0501
2025  0.0522
2026  0.0543
2027  0.0565
2028  0.0582
2029  0.0604
2030  0.0623
2031  0.0641
2032  0.0662
2033  0.0680
2034  0.0702
2035  0.0725
2036  0.0744
2037  0.0769
2038  0.0796
2039  0.0816
2040  0.0834
2041  0.0860
2042  0.0889
2043  0.0908
2044  0.0929
2045  0.0952
2046  0.0978
2047  0.1005
2048  0.1034
2049  0.1063
2050  0.1087
2051  0.1106
2052  0.1128
2053  0.1157
2054  0.1183
2055  0.1208
2056  0.1234
2057  0.1265
2058  0.1300
2059  0.1327
2060  0.1355
2061  0.1381
2062  0.1412
2063  0.1434
2064  0.1466
2065  0.1498
2066  0.1527
2067  0.1558
2068  0.1587
2069  0.1617
2070  0.1652
2071  0.1690
2072  0.1720
2073  0.1752
2074  0.1780
2075  0.1810
2076  0.1844
2077  0.1878
2078  0.1914
2079  0.1952
2080  0.1990
2081  0.2028
2082  0.2064
2083  0.2096
2084  0.2130
2085  0.2168
2086  0.2204
2087  0.2241
2088  0.2280
2089  0.2315
2090  0.2349
2091  0.2382
2092  0.2418
2093  0.2454
2094  0.2489
2095  0.2524
2096  0.2556
2097  0.2587
2098  0.2623
2099  0.2660
2100  0.2695
