2006  0.0662
2007  0.0343
2008  0.0170
2009 -0.0399
2010 -0.0103
2011  0.0605
2012  0.0983
2013  0.1767
2014  0.1532
2015  0.0157
2016  0.2193
2017  0.1834
2018  0.1184
2019  0.0842
2020  0.1261
2021  0.2226
2022  0.2080
2023  0.2588
2024  0.2009
2025  0.2130
2026  0.3315
2027  0.2851
2028  0.3326
2029  0.2579
2030  0.2413
2031  0.3282
2032  0.2645
2033  0.2550
2034  0.4041
2035  0.3940
2036  0.4155
2037  0.5066
2038  0.5241
2039  0.5282
2040  0.4499
2041  0.4271
2042  0.4636
2043  0.4586
2044  0.5176
2045  0.5309
2046  0.4679
2047  0.5333
2048  0.5380
2049  0.5852
2050  0.6324
2051  0.6720
2052  0.5094
2053  0.5525
2054  0.5992
2055  0.6970
2056  0.6931
2057  0.6340
2058  0.5364
2059  0.6494
2060  0.7666
2061  0.8340
2062  0.8359
2063  0.8061
2064  0.8552
2065  0.8148
2066  0.8621
2067  1.0471
2068  1.0355
2069  0.9320
2070  0.9071
2071  1.0754
2072  1.0470
2073  1.0913
2074  1.1175
2075  1.0590
2076  1.1142
2077  1.1106
2078  1.2270
2079  1.3564
2080  1.2661
2081  1.2464
2082  1.2377
2083  1.2801
2084  1.3649
2085  1.4018
2086  1.3414
2087  1.3292
2088  1.3789
2089  1.4855
2090  1.4411
2091  1.5016
2092  1.4638
2093  1.5123
2094  1.5032
2095  1.5947
2096  1.6319
2097  1.5198
2098  1.5708
2099  1.5648
