2007 -0.0000
2008 -0.0000
2009 -0.0000
2010 -0.0000
2011 -0.0000
2012 -0.0000
2013 -0.0000
2014 -0.0001
2015 -0.0001
2016 -0.0001
2017 -0.0001
2018 -0.0002
2019 -0.0002
2020 -0.0002
2021 -0.0002
2022 -0.0002
2023 -0.0003
2024 -0.0003
2025 -0.0004
2026 -0.0004
2027 -0.0004
2028 -0.0005
2029 -0.0005
2030 -0.0006
2031 -0.0006
2032 -0.0007
2033 -0.0007
2034 -0.0007
2035 -0.0008
2036 -0.0009
2037 -0.0009
2038 -0.0010
2039 -0.0011
2040 -0.0012
2041 -0.0012
2042 -0.0013
2043 -0.0014
2044 -0.0014
2045 -0.0015
2046 -0.0016
2047 -0.0017
2048 -0.0018
2049 -0.0018
2050 -0.0019
2051 -0.0020
2052 -0.0021
2053 -0.0022
2054 -0.0023
2055 -0.0024
2056 -0.0025
2057 -0.0026
2058 -0.0027
2059 -0.0028
2060 -0.0029
2061 -0.0030
2062 -0.0031
2063 -0.0032
2064 -0.0034
2065 -0.0035
2066 -0.0036
2067 -0.0038
2068 -0.0039
2069 -0.0041
2070 -0.0042
2071 -0.0043
2072 -0.0045
2073 -0.0046
2074 -0.0048
2075 -0.0050
2076 -0.0051
2077 -0.0053
2078 -0.0054
2079 -0.0056
2080 -0.0058
2081 -0.0060
2082 -0.0062
2083 -0.0064
2084 -0.0066
2085 -0.0068
2086 -0.0069
2087 -0.0071
2088 -0.0073
2089 -0.0075
2090 -0.0078
2091 -0.0080
2092 -0.0082
2093 -0.0084
2094 -0.0086
2095 -0.0088
2096 -0.0090
2097 -0.0092
2098 -0.0094
2099 -0.0097
2100 -0.0099
