2007 -0.0000
2008 -0.0000
2009 -0.0000
2010 -0.0000
2011 -0.0000
2012 -0.0000
2013 -0.0000
2014 -0.0001
2015 -0.0001
2016 -0.0001
2017 -0.0001
2018 -0.0002
2019 -0.0002
2020 -0.0002
2021 -0.0003
2022 -0.0003
2023 -0.0004
2024 -0.0004
2025 -0.0005
2026 -0.0005
2027 -0.0006
2028 -0.0007
2029 -0.0007
2030 -0.0008
2031 -0.0009
2032 -0.0010
2033 -0.0010
2034 -0.0011
2035 -0.0012
2036 -0.0013
2037 -0.0014
2038 -0.0015
2039 -0.0016
2040 -0.0017
2041 -0.0019
2042 -0.0020
2043 -0.0021
2044 -0.0022
2045 -0.0024
2046 -0.0025
2047 -0.0026
2048 -0.0028
2049 -0.0029
2050 -0.0031
2051 -0.0032
2052 -0.0034
2053 -0.0035
2054 -0.0037
2055 -0.0039
2056 -0.0041
2057 -0.0043
2058 -0.0045
2059 -0.0046
2060 -0.0048
2061 -0.0050
2062 -0.0052
2063 -0.0055
2064 -0.0057
2065 -0.0059
2066 -0.0062
2067 -0.0064
2068 -0.0066
2069 -0.0069
2070 -0.0071
2071 -0.0074
2072 -0.0076
2073 -0.0079
2074 -0.0082
2075 -0.0084
2076 -0.0087
2077 -0.0090
2078 -0.0093
2079 -0.0095
2080 -0.0098
2081 -0.0101
2082 -0.0104
2083 -0.0107
2084 -0.0110
2085 -0.0113
2086 -0.0116
2087 -0.0120
2088 -0.0123
2089 -0.0126
2090 -0.0129
2091 -0.0133
2092 -0.0136
2093 -0.0139
2094 -0.0143
2095 -0.0147
2096 -0.0150
2097 -0.0154
2098 -0.0158
2099 -0.0162
2100 -0.0165
