2007  0.0018
2008  0.0021
2009  0.0024
2010  0.0028
2011  0.0031
2012  0.0034
2013  0.0038
2014  0.0041
2015  0.0045
2016  0.0049
2017  0.0052
2018  0.0056
2019  0.0060
2020  0.0064
2021  0.0068
2022  0.0072
2023  0.0076
2024  0.0080
2025  0.0084
2026  0.0088
2027  0.0092
2028  0.0096
2029  0.0101
2030  0.0105
2031  0.0109
2032  0.0114
2033  0.0118
2034  0.0123
2035  0.0128
2036  0.0132
2037  0.0137
2038  0.0142
2039  0.0147
2040  0.0152
2041  0.0157
2042  0.0162
2043  0.0167
2044  0.0172
2045  0.0177
2046  0.0182
2047  0.0187
2048  0.0193
2049  0.0198
2050  0.0203
2051  0.0209
2052  0.0214
2053  0.0220
2054  0.0225
2055  0.0231
2056  0.0237
2057  0.0243
2058  0.0248
2059  0.0254
2060  0.0260
2061  0.0266
2062  0.0272
2063  0.0278
2064  0.0284
2065  0.0291
2066  0.0297
2067  0.0303
2068  0.0309
2069  0.0316
2070  0.0322
2071  0.0329
2072  0.0335
2073  0.0342
2074  0.0349
2075  0.0355
2076  0.0362
2077  0.0369
2078  0.0376
2079  0.0383
2080  0.0390
2081  0.0397
2082  0.0404
2083  0.0411
2084  0.0418
2085  0.0425
2086  0.0432
2087  0.0440
2088  0.0447
2089  0.0454
2090  0.0462
2091  0.0469
2092  0.0477
2093  0.0485
2094  0.0492
2095  0.0500
2096  0.0508
2097  0.0516
2098  0.0524
2099  0.0532
2100  0.0540
