2006  0.3381
2007  0.3068
2008  0.3696
2009  0.3934
2010  0.4090
2011  0.4042
2012  0.4575
2013  0.5335
2014  0.5152
2015  0.5362
2016  0.6047
2017  0.6499
2018  0.6348
2019  0.6448
2020  0.6850
2021  0.7374
2022  0.8158
2023  0.8530
2024  0.8545
2025  0.9068
2026  0.9513
2027  0.9236
2028  0.9516
2029  1.0014
2030  1.0300
2031  1.0134
2032  1.0797
2033  1.1066
2034  1.1541
2035  1.2075
2036  1.2170
2037  1.2888
2038  1.3040
2039  1.3371
2040  1.3307
2041  1.4218
2042  1.4671
2043  1.5191
2044  1.5629
2045  1.5743
2046  1.5917
2047  1.6545
2048  1.7369
2049  1.7319
2050  1.8219
2051  1.8343
2052  1.8836
2053  1.9683
2054  2.0170
2055  2.0803
2056  2.0833
2057  2.1433
2058  2.2051
2059  2.2397
2060  2.3112
2061  2.3660
2062  2.4277
2063  2.4410
2064  2.5014
2065  2.5637
2066  2.6407
2067  2.7103
2068  2.7026
2069  2.7566
2070  2.7726
2071  2.8577
2072  2.9049
2073  2.9641
2074  2.9824
2075  3.0165
2076  3.1004
2077  3.1300
2078  3.2011
2079  3.2821
2080  3.2591
2081  3.3072
2082  3.3837
2083  3.4372
2084  3.4673
2085  3.5555
2086  3.5637
2087  3.6397
2088  3.6712
2089  3.7381
2090  3.7328
2091  3.8398
2092  3.9223
2093  3.9517
2094  3.9524
2095  4.0044
2096  4.1168
2097  4.1497
2098  4.1959
2099  4.2650
