2007  0.0186
2008  0.0201
2009  0.0222
2010  0.0239
2011  0.0252
2012  0.0274
2013  0.0295
2014  0.0313
2015  0.0336
2016  0.0360
2017  0.0381
2018  0.0399
2019  0.0420
2020  0.0443
2021  0.0465
2022  0.0489
2023  0.0515
2024  0.0539
2025  0.0564
2026  0.0588
2027  0.0612
2028  0.0636
2029  0.0661
2030  0.0688
2031  0.0717
2032  0.0747
2033  0.0775
2034  0.0802
2035  0.0831
2036  0.0860
2037  0.0892
2038  0.0923
2039  0.0953
2040  0.0986
2041  0.1019
2042  0.1050
2043  0.1081
2044  0.1115
2045  0.1150
2046  0.1185
2047  0.1226
2048  0.1266
2049  0.1303
2050  0.1344
2051  0.1383
2052  0.1419
2053  0.1456
2054  0.1498
2055  0.1539
2056  0.1556
2057  0.1599
2058  0.1663
2059  0.1704
2060  0.1745
2061  0.1787
2062  0.1831
2063  0.1874
2064  0.1923
2065  0.1975
2066  0.2024
2067  0.2073
2068  0.2120
2069  0.2167
2070  0.2217
2071  0.2269
2072  0.2320
2073  0.2370
2074  0.2421
2075  0.2471
2076  0.2521
2077  0.2572
2078  0.2620
2079  0.2670
2080  0.2725
2081  0.2781
2082  0.2835
2083  0.2885
2084  0.2939
2085  0.2998
2086  0.3054
2087  0.3111
2088  0.3170
2089  0.3231
2090  0.3289
2091  0.3345
2092  0.3401
2093  0.3458
2094  0.3516
2095  0.3577
2096  0.3637
2097  0.3699
2098  0.3764
2099  0.3825
2100  0.3887
