2007  0.0017
2008  0.0019
2009  0.0021
2010  0.0024
2011  0.0026
2012  0.0028
2013  0.0031
2014  0.0033
2015  0.0035
2016  0.0037
2017  0.0040
2018  0.0042
2019  0.0044
2020  0.0046
2021  0.0049
2022  0.0051
2023  0.0053
2024  0.0055
2025  0.0058
2026  0.0060
2027  0.0062
2028  0.0064
2029  0.0066
2030  0.0069
2031  0.0071
2032  0.0073
2033  0.0075
2034  0.0078
2035  0.0080
2036  0.0082
2037  0.0084
2038  0.0086
2039  0.0088
2040  0.0091
2041  0.0093
2042  0.0095
2043  0.0097
2044  0.0099
2045  0.0101
2046  0.0104
2047  0.0106
2048  0.0108
2049  0.0110
2050  0.0112
2051  0.0114
2052  0.0116
2053  0.0119
2054  0.0121
2055  0.0123
2056  0.0125
2057  0.0127
2058  0.0129
2059  0.0131
2060  0.0133
2061  0.0136
2062  0.0138
2063  0.0140
2064  0.0142
2065  0.0144
2066  0.0146
2067  0.0148
2068  0.0150
2069  0.0152
2070  0.0154
2071  0.0156
2072  0.0158
2073  0.0160
2074  0.0162
2075  0.0165
2076  0.0167
2077  0.0169
2078  0.0171
2079  0.0173
2080  0.0175
2081  0.0177
2082  0.0179
2083  0.0181
2084  0.0183
2085  0.0185
2086  0.0187
2087  0.0189
2088  0.0191
2089  0.0193
2090  0.0195
2091  0.0197
2092  0.0199
2093  0.0201
2094  0.0203
2095  0.0205
2096  0.0207
2097  0.0209
2098  0.0211
2099  0.0213
2100  0.0215
