2007  0.0132
2008  0.0154
2009  0.0175
2010  0.0196
2011  0.0215
2012  0.0233
2013  0.0250
2014  0.0269
2015  0.0286
2016  0.0303
2017  0.0321
2018  0.0340
2019  0.0358
2020  0.0377
2021  0.0395
2022  0.0414
2023  0.0434
2024  0.0455
2025  0.0475
2026  0.0495
2027  0.0515
2028  0.0535
2029  0.0554
2030  0.0573
2031  0.0594
2032  0.0614
2033  0.0636
2034  0.0657
2035  0.0678
2036  0.0699
2037  0.0720
2038  0.0741
2039  0.0763
2040  0.0785
2041  0.0807
2042  0.0830
2043  0.0853
2044  0.0877
2045  0.0900
2046  0.0923
2047  0.0947
2048  0.0971
2049  0.0997
2050  0.1021
2051  0.1047
2052  0.1072
2053  0.1098
2054  0.1125
2055  0.1152
2056  0.1179
2057  0.1206
2058  0.1234
2059  0.1262
2060  0.1291
2061  0.1319
2062  0.1348
2063  0.1378
2064  0.1407
2065  0.1436
2066  0.1466
2067  0.1496
2068  0.1527
2069  0.1557
2070  0.1588
2071  0.1619
2072  0.1651
2073  0.1682
2074  0.1714
2075  0.1747
2076  0.1779
2077  0.1812
2078  0.1844
2079  0.1877
2080  0.1911
2081  0.1944
2082  0.1977
2083  0.2011
2084  0.2046
2085  0.2080
2086  0.2116
2087  0.2151
2088  0.2186
2089  0.2221
2090  0.2256
2091  0.2291
2092  0.2328
2093  0.2364
2094  0.2400
2095  0.2436
2096  0.2472
2097  0.2509
2098  0.2546
2099  0.2583
2100  0.2621
