2007  0.0028
2008  0.0032
2009  0.0035
2010  0.0039
2011  0.0042
2012  0.0046
2013  0.0050
2014  0.0053
2015  0.0057
2016  0.0061
2017  0.0064
2018  0.0068
2019  0.0072
2020  0.0076
2021  0.0079
2022  0.0083
2023  0.0087
2024  0.0091
2025  0.0095
2026  0.0098
2027  0.0102
2028  0.0106
2029  0.0110
2030  0.0114
2031  0.0118
2032  0.0122
2033  0.0126
2034  0.0130
2035  0.0134
2036  0.0138
2037  0.0142
2038  0.0146
2039  0.0150
2040  0.0154
2041  0.0158
2042  0.0162
2043  0.0167
2044  0.0171
2045  0.0174
2046  0.0178
2047  0.0183
2048  0.0187
2049  0.0191
2050  0.0195
2051  0.0199
2052  0.0203
2053  0.0206
2054  0.0210
2055  0.0214
2056  0.0218
2057  0.0222
2058  0.0226
2059  0.0229
2060  0.0233
2061  0.0237
2062  0.0240
2063  0.0244
2064  0.0248
2065  0.0251
2066  0.0255
2067  0.0258
2068  0.0261
2069  0.0265
2070  0.0268
2071  0.0272
2072  0.0276
2073  0.0279
2074  0.0282
2075  0.0286
2076  0.0289
2077  0.0293
2078  0.0296
2079  0.0299
2080  0.0302
2081  0.0306
2082  0.0309
2083  0.0312
2084  0.0315
2085  0.0319
2086  0.0322
2087  0.0325
2088  0.0328
2089  0.0331
2090  0.0334
2091  0.0337
2092  0.0341
2093  0.0343
2094  0.0346
2095  0.0349
2096  0.0352
2097  0.0355
2098  0.0358
2099  0.0360
2100  0.0363
