2007  0.0017
2008  0.0020
2009  0.0023
2010  0.0026
2011  0.0030
2012  0.0033
2013  0.0037
2014  0.0041
2015  0.0045
2016  0.0049
2017  0.0053
2018  0.0058
2019  0.0063
2020  0.0068
2021  0.0074
2022  0.0079
2023  0.0085
2024  0.0092
2025  0.0099
2026  0.0106
2027  0.0113
2028  0.0120
2029  0.0127
2030  0.0134
2031  0.0142
2032  0.0150
2033  0.0159
2034  0.0168
2035  0.0177
2036  0.0187
2037  0.0196
2038  0.0206
2039  0.0216
2040  0.0227
2041  0.0237
2042  0.0249
2043  0.0261
2044  0.0274
2045  0.0286
2046  0.0299
2047  0.0312
2048  0.0327
2049  0.0342
2050  0.0357
2051  0.0374
2052  0.0390
2053  0.0407
2054  0.0425
2055  0.0444
2056  0.0463
2057  0.0483
2058  0.0503
2059  0.0525
2060  0.0548
2061  0.0570
2062  0.0594
2063  0.0619
2064  0.0643
2065  0.0667
2066  0.0694
2067  0.0722
2068  0.0751
2069  0.0780
2070  0.0809
2071  0.0841
2072  0.0872
2073  0.0905
2074  0.0940
2075  0.0973
2076  0.1009
2077  0.1046
2078  0.1083
2079  0.1122
2080  0.1162
2081  0.1202
2082  0.1242
2083  0.1285
2084  0.1329
2085  0.1374
2086  0.1422
2087  0.1469
2088  0.1518
2089  0.1567
2090  0.1618
2091  0.1669
2092  0.1722
2093  0.1778
2094  0.1833
2095  0.1889
2096  0.1946
2097  0.2005
2098  0.2066
2099  0.2128
2100  0.2194
