2007  0.0113
2008  0.0124
2009  0.0135
2010  0.0146
2011  0.0156
2012  0.0165
2013  0.0175
2014  0.0186
2015  0.0196
2016  0.0207
2017  0.0218
2018  0.0229
2019  0.0240
2020  0.0251
2021  0.0262
2022  0.0274
2023  0.0286
2024  0.0299
2025  0.0311
2026  0.0324
2027  0.0337
2028  0.0350
2029  0.0363
2030  0.0376
2031  0.0389
2032  0.0402
2033  0.0415
2034  0.0429
2035  0.0443
2036  0.0457
2037  0.0471
2038  0.0486
2039  0.0500
2040  0.0515
2041  0.0530
2042  0.0545
2043  0.0561
2044  0.0577
2045  0.0593
2046  0.0609
2047  0.0625
2048  0.0642
2049  0.0659
2050  0.0676
2051  0.0693
2052  0.0711
2053  0.0728
2054  0.0747
2055  0.0765
2056  0.0784
2057  0.0803
2058  0.0822
2059  0.0841
2060  0.0861
2061  0.0880
2062  0.0901
2063  0.0921
2064  0.0941
2065  0.0962
2066  0.0983
2067  0.1005
2068  0.1026
2069  0.1048
2070  0.1070
2071  0.1091
2072  0.1113
2073  0.1135
2074  0.1158
2075  0.1181
2076  0.1203
2077  0.1226
2078  0.1249
2079  0.1272
2080  0.1296
2081  0.1320
2082  0.1343
2083  0.1367
2084  0.1391
2085  0.1415
2086  0.1440
2087  0.1464
2088  0.1489
2089  0.1514
2090  0.1539
2091  0.1564
2092  0.1589
2093  0.1615
2094  0.1641
2095  0.1667
2096  0.1692
2097  0.1719
2098  0.1745
2099  0.1772
2100  0.1798
