2007  0.0133
2008  0.0148
2009  0.0162
2010  0.0176
2011  0.0188
2012  0.0205
2013  0.0223
2014  0.0241
2015  0.0257
2016  0.0276
2017  0.0294
2018  0.0310
2019  0.0329
2020  0.0350
2021  0.0370
2022  0.0389
2023  0.0407
2024  0.0426
2025  0.0448
2026  0.0470
2027  0.0490
2028  0.0510
2029  0.0530
2030  0.0552
2031  0.0576
2032  0.0600
2033  0.0624
2034  0.0648
2035  0.0673
2036  0.0697
2037  0.0723
2038  0.0750
2039  0.0775
2040  0.0801
2041  0.0829
2042  0.0857
2043  0.0885
2044  0.0914
2045  0.0941
2046  0.0968
2047  0.0998
2048  0.1031
2049  0.1063
2050  0.1097
2051  0.1131
2052  0.1163
2053  0.1194
2054  0.1227
2055  0.1259
2056  0.1275
2057  0.1312
2058  0.1366
2059  0.1401
2060  0.1437
2061  0.1474
2062  0.1510
2063  0.1547
2064  0.1587
2065  0.1627
2066  0.1668
2067  0.1708
2068  0.1746
2069  0.1786
2070  0.1827
2071  0.1871
2072  0.1913
2073  0.1953
2074  0.1995
2075  0.2036
2076  0.2078
2077  0.2122
2078  0.2163
2079  0.2205
2080  0.2249
2081  0.2293
2082  0.2336
2083  0.2379
2084  0.2422
2085  0.2468
2086  0.2515
2087  0.2563
2088  0.2609
2089  0.2656
2090  0.2702
2091  0.2747
2092  0.2794
2093  0.2838
2094  0.2885
2095  0.2935
2096  0.2983
2097  0.3031
2098  0.3081
2099  0.3131
2100  0.3179
