2007 -0.0002
2008 -0.0004
2009 -0.0006
2010 -0.0008
2011 -0.0011
2012 -0.0013
2013 -0.0015
2014 -0.0018
2015 -0.0021
2016 -0.0024
2017 -0.0027
2018 -0.0030
2019 -0.0033
2020 -0.0037
2021 -0.0040
2022 -0.0044
2023 -0.0048
2024 -0.0052
2025 -0.0057
2026 -0.0061
2027 -0.0066
2028 -0.0070
2029 -0.0075
2030 -0.0079
2031 -0.0084
2032 -0.0089
2033 -0.0095
2034 -0.0100
2035 -0.0105
2036 -0.0111
2037 -0.0117
2038 -0.0123
2039 -0.0129
2040 -0.0135
2041 -0.0141
2042 -0.0147
2043 -0.0154
2044 -0.0161
2045 -0.0168
2046 -0.0175
2047 -0.0182
2048 -0.0190
2049 -0.0198
2050 -0.0206
2051 -0.0214
2052 -0.0223
2053 -0.0231
2054 -0.0240
2055 -0.0250
2056 -0.0259
2057 -0.0268
2058 -0.0278
2059 -0.0288
2060 -0.0298
2061 -0.0309
2062 -0.0319
2063 -0.0330
2064 -0.0341
2065 -0.0352
2066 -0.0363
2067 -0.0375
2068 -0.0387
2069 -0.0399
2070 -0.0411
2071 -0.0424
2072 -0.0436
2073 -0.0449
2074 -0.0463
2075 -0.0476
2076 -0.0489
2077 -0.0503
2078 -0.0517
2079 -0.0531
2080 -0.0546
2081 -0.0560
2082 -0.0574
2083 -0.0589
2084 -0.0605
2085 -0.0620
2086 -0.0636
2087 -0.0652
2088 -0.0668
2089 -0.0684
2090 -0.0700
2091 -0.0717
2092 -0.0734
2093 -0.0751
2094 -0.0768
2095 -0.0786
2096 -0.0803
2097 -0.0821
2098 -0.0839
2099 -0.0858
2100 -0.0876
