2007  0.0045
2008  0.0050
2009  0.0055
2010  0.0060
2011  0.0065
2012  0.0070
2013  0.0075
2014  0.0079
2015  0.0084
2016  0.0089
2017  0.0094
2018  0.0098
2019  0.0103
2020  0.0108
2021  0.0112
2022  0.0117
2023  0.0121
2024  0.0126
2025  0.0130
2026  0.0135
2027  0.0139
2028  0.0143
2029  0.0148
2030  0.0152
2031  0.0156
2032  0.0160
2033  0.0165
2034  0.0169
2035  0.0173
2036  0.0177
2037  0.0181
2038  0.0185
2039  0.0189
2040  0.0193
2041  0.0196
2042  0.0200
2043  0.0204
2044  0.0207
2045  0.0211
2046  0.0215
2047  0.0218
2048  0.0222
2049  0.0225
2050  0.0228
2051  0.0232
2052  0.0235
2053  0.0238
2054  0.0241
2055  0.0245
2056  0.0248
2057  0.0251
2058  0.0254
2059  0.0257
2060  0.0260
2061  0.0264
2062  0.0267
2063  0.0270
2064  0.0272
2065  0.0275
2066  0.0278
2067  0.0281
2068  0.0284
2069  0.0287
2070  0.0289
2071  0.0292
2072  0.0295
2073  0.0297
2074  0.0300
2075  0.0302
2076  0.0305
2077  0.0307
2078  0.0310
2079  0.0312
2080  0.0314
2081  0.0317
2082  0.0319
2083  0.0321
2084  0.0323
2085  0.0326
2086  0.0328
2087  0.0330
2088  0.0332
2089  0.0334
2090  0.0336
2091  0.0338
2092  0.0340
2093  0.0341
2094  0.0343
2095  0.0345
2096  0.0347
2097  0.0349
2098  0.0350
2099  0.0352
2100  0.0353
