2006  0.6335
2007  0.6009
2008  0.7143
2009  0.8123
2010  0.8019
2011  0.7879
2012  0.8014
2013  0.9056
2014  0.9007
2015  0.8977
2016  0.9628
2017  1.0372
2018  1.1221
2019  1.1202
2020  1.1993
2021  1.1591
2022  1.2835
2023  1.4308
2024  1.3754
2025  1.4102
2026  1.4211
2027  1.4363
2028  1.4056
2029  1.4455
2030  1.6394
2031  1.5961
2032  1.7196
2033  1.7210
2034  1.7201
2035  1.7800
2036  1.7357
2037  1.8180
2038  1.8997
2039  1.9045
2040  1.8504
2041  2.0487
2042  2.1133
2043  2.1667
2044  2.1190
2045  2.1484
2046  2.2704
2047  2.4022
2048  2.4751
2049  2.4312
2050  2.5561
2051  2.5400
2052  2.7032
2053  2.7614
2054  2.8161
2055  2.8366
2056  2.8494
2057  2.9213
2058  3.1618
2059  3.1415
2060  3.1311
2061  3.1914
2062  3.3271
2063  3.2614
2064  3.2552
2065  3.4800
2066  3.5255
2067  3.5736
2068  3.5906
2069  3.6579
2070  3.8052
2071  3.8104
2072  3.8948
2073  3.9779
2074  3.9598
2075  4.0595
2076  4.1529
2077  4.2013
2078  4.2146
2079  4.3265
2080  4.3460
2081  4.3465
2082  4.4795
2083  4.5943
2084  4.6732
2085  4.8279
2086  4.7533
2087  4.8361
2088  4.8343
2089  4.9249
2090  4.9387
2091  5.0334
2092  5.1531
2093  5.1340
2094  5.1733
2095  5.2010
2096  5.3086
2097  5.3385
2098  5.4499
2099  5.6476
