2007  0.0032
2008  0.0036
2009  0.0039
2010  0.0042
2011  0.0046
2012  0.0049
2013  0.0053
2014  0.0057
2015  0.0060
2016  0.0064
2017  0.0068
2018  0.0072
2019  0.0076
2020  0.0080
2021  0.0084
2022  0.0089
2023  0.0093
2024  0.0098
2025  0.0102
2026  0.0107
2027  0.0112
2028  0.0117
2029  0.0122
2030  0.0127
2031  0.0132
2032  0.0137
2033  0.0143
2034  0.0148
2035  0.0154
2036  0.0159
2037  0.0165
2038  0.0171
2039  0.0177
2040  0.0184
2041  0.0190
2042  0.0196
2043  0.0203
2044  0.0210
2045  0.0217
2046  0.0224
2047  0.0231
2048  0.0238
2049  0.0246
2050  0.0253
2051  0.0261
2052  0.0269
2053  0.0277
2054  0.0286
2055  0.0294
2056  0.0303
2057  0.0312
2058  0.0321
2059  0.0330
2060  0.0339
2061  0.0349
2062  0.0359
2063  0.0369
2064  0.0379
2065  0.0390
2066  0.0401
2067  0.0412
2068  0.0424
2069  0.0435
2070  0.0447
2071  0.0458
2072  0.0470
2073  0.0482
2074  0.0495
2075  0.0508
2076  0.0520
2077  0.0533
2078  0.0547
2079  0.0560
2080  0.0574
2081  0.0588
2082  0.0602
2083  0.0617
2084  0.0631
2085  0.0646
2086  0.0661
2087  0.0676
2088  0.0692
2089  0.0708
2090  0.0725
2091  0.0741
2092  0.0758
2093  0.0775
2094  0.0793
2095  0.0810
2096  0.0828
2097  0.0847
2098  0.0866
2099  0.0885
2100  0.0904
