2007  0.0035
2008  0.0041
2009  0.0048
2010  0.0055
2011  0.0062
2012  0.0069
2013  0.0076
2014  0.0084
2015  0.0092
2016  0.0100
2017  0.0109
2018  0.0117
2019  0.0127
2020  0.0136
2021  0.0146
2022  0.0156
2023  0.0166
2024  0.0177
2025  0.0188
2026  0.0200
2027  0.0212
2028  0.0223
2029  0.0235
2030  0.0247
2031  0.0261
2032  0.0274
2033  0.0287
2034  0.0301
2035  0.0315
2036  0.0330
2037  0.0345
2038  0.0360
2039  0.0376
2040  0.0392
2041  0.0408
2042  0.0425
2043  0.0443
2044  0.0461
2045  0.0479
2046  0.0498
2047  0.0517
2048  0.0537
2049  0.0559
2050  0.0580
2051  0.0602
2052  0.0624
2053  0.0648
2054  0.0672
2055  0.0698
2056  0.0723
2057  0.0749
2058  0.0776
2059  0.0804
2060  0.0833
2061  0.0862
2062  0.0892
2063  0.0924
2064  0.0955
2065  0.0986
2066  0.1020
2067  0.1055
2068  0.1090
2069  0.1126
2070  0.1163
2071  0.1201
2072  0.1240
2073  0.1280
2074  0.1321
2075  0.1362
2076  0.1404
2077  0.1449
2078  0.1494
2079  0.1539
2080  0.1587
2081  0.1635
2082  0.1683
2083  0.1733
2084  0.1786
2085  0.1838
2086  0.1894
2087  0.1949
2088  0.2006
2089  0.2063
2090  0.2121
2091  0.2181
2092  0.2242
2093  0.2306
2094  0.2370
2095  0.2434
2096  0.2500
2097  0.2568
2098  0.2637
2099  0.2708
2100  0.2783
