2007  0.0380
2008  0.0426
2009  0.0479
2010  0.0530
2011  0.0574
2012  0.0626
2013  0.0677
2014  0.0727
2015  0.0780
2016  0.0835
2017  0.0887
2018  0.0939
2019  0.0993
2020  0.1050
2021  0.1106
2022  0.1164
2023  0.1225
2024  0.1287
2025  0.1348
2026  0.1410
2027  0.1472
2028  0.1534
2029  0.1595
2030  0.1660
2031  0.1729
2032  0.1799
2033  0.1868
2034  0.1937
2035  0.2007
2036  0.2079
2037  0.2153
2038  0.2227
2039  0.2302
2040  0.2379
2041  0.2455
2042  0.2533
2043  0.2612
2044  0.2695
2045  0.2777
2046  0.2860
2047  0.2949
2048  0.3041
2049  0.3131
2050  0.3224
2051  0.3317
2052  0.3408
2053  0.3501
2054  0.3599
2055  0.3698
2056  0.3775
2057  0.3877
2058  0.4000
2059  0.4104
2060  0.4209
2061  0.4314
2062  0.4422
2063  0.4532
2064  0.4646
2065  0.4763
2066  0.4881
2067  0.4999
2068  0.5116
2069  0.5235
2070  0.5357
2071  0.5483
2072  0.5609
2073  0.5735
2074  0.5864
2075  0.5991
2076  0.6121
2077  0.6253
2078  0.6383
2079  0.6517
2080  0.6656
2081  0.6796
2082  0.6934
2083  0.7072
2084  0.7216
2085  0.7365
2086  0.7516
2087  0.7666
2088  0.7819
2089  0.7974
2090  0.8128
2091  0.8282
2092  0.8437
2093  0.8596
2094  0.8756
2095  0.8920
2096  0.9083
2097  0.9251
2098  0.9422
2099  0.9593
2100  0.9767
