2007  0.0245
2008  0.0270
2009  0.0292
2010  0.0312
2011  0.0336
2012  0.0361
2013  0.0393
2014  0.0428
2015  0.0455
2016  0.0486
2017  0.0520
2018  0.0552
2019  0.0585
2020  0.0620
2021  0.0654
2022  0.0687
2023  0.0718
2024  0.0750
2025  0.0787
2026  0.0827
2027  0.0866
2028  0.0902
2029  0.0939
2030  0.0978
2031  0.1018
2032  0.1056
2033  0.1096
2034  0.1136
2035  0.1179
2036  0.1222
2037  0.1265
2038  0.1311
2039  0.1355
2040  0.1399
2041  0.1446
2042  0.1493
2043  0.1542
2044  0.1590
2045  0.1637
2046  0.1681
2047  0.1727
2048  0.1777
2049  0.1830
2050  0.1884
2051  0.1938
2052  0.1993
2053  0.2045
2054  0.2096
2055  0.2148
2056  0.2191
2057  0.2248
2058  0.2322
2059  0.2379
2060  0.2438
2061  0.2499
2062  0.2559
2063  0.2620
2064  0.2682
2065  0.2744
2066  0.2808
2067  0.2872
2068  0.2935
2069  0.3000
2070  0.3066
2071  0.3134
2072  0.3201
2073  0.3266
2074  0.3332
2075  0.3398
2076  0.3467
2077  0.3538
2078  0.3606
2079  0.3675
2080  0.3746
2081  0.3815
2082  0.3885
2083  0.3956
2084  0.4026
2085  0.4096
2086  0.4172
2087  0.4248
2088  0.4320
2089  0.4395
2090  0.4468
2091  0.4543
2092  0.4621
2093  0.4694
2094  0.4772
2095  0.4853
2096  0.4931
2097  0.5009
2098  0.5090
2099  0.5172
2100  0.5250
