2007  0.0034
2008  0.0038
2009  0.0043
2010  0.0047
2011  0.0052
2012  0.0057
2013  0.0062
2014  0.0068
2015  0.0073
2016  0.0079
2017  0.0084
2018  0.0091
2019  0.0097
2020  0.0103
2021  0.0109
2022  0.0116
2023  0.0122
2024  0.0129
2025  0.0137
2026  0.0144
2027  0.0152
2028  0.0159
2029  0.0167
2030  0.0175
2031  0.0183
2032  0.0191
2033  0.0200
2034  0.0208
2035  0.0217
2036  0.0226
2037  0.0235
2038  0.0245
2039  0.0255
2040  0.0265
2041  0.0275
2042  0.0285
2043  0.0296
2044  0.0307
2045  0.0318
2046  0.0330
2047  0.0341
2048  0.0353
2049  0.0365
2050  0.0378
2051  0.0391
2052  0.0404
2053  0.0417
2054  0.0431
2055  0.0446
2056  0.0460
2057  0.0475
2058  0.0490
2059  0.0506
2060  0.0522
2061  0.0538
2062  0.0555
2063  0.0572
2064  0.0590
2065  0.0608
2066  0.0626
2067  0.0645
2068  0.0665
2069  0.0685
2070  0.0705
2071  0.0725
2072  0.0746
2073  0.0768
2074  0.0790
2075  0.0812
2076  0.0834
2077  0.0858
2078  0.0881
2079  0.0905
2080  0.0931
2081  0.0956
2082  0.0981
2083  0.1007
2084  0.1034
2085  0.1061
2086  0.1089
2087  0.1117
2088  0.1146
2089  0.1176
2090  0.1206
2091  0.1236
2092  0.1267
2093  0.1299
2094  0.1332
2095  0.1365
2096  0.1398
2097  0.1433
2098  0.1468
2099  0.1504
2100  0.1541
