2006  0.0428
2007  0.0128
2008  0.0249
2009 -0.0254
2010  0.0162
2011  0.0204
2012  0.1136
2013  0.1614
2014  0.1297
2015  0.1747
2016  0.2465
2017  0.2627
2018  0.1475
2019  0.1694
2020  0.1708
2021  0.3157
2022  0.3481
2023  0.2752
2024  0.3336
2025  0.4034
2026  0.4815
2027  0.4110
2028  0.4976
2029  0.5573
2030  0.4207
2031  0.4308
2032  0.4398
2033  0.4922
2034  0.5880
2035  0.6349
2036  0.6984
2037  0.7597
2038  0.7083
2039  0.7697
2040  0.8109
2041  0.7948
2042  0.8209
2043  0.8715
2044  1.0069
2045  1.0002
2046  0.9130
2047  0.9067
2048  0.9987
2049  1.0326
2050  1.0877
2051  1.1287
2052  1.0639
2053  1.1753
2054  1.2178
2055  1.3240
2056  1.3172
2057  1.3652
2058  1.2483
2059  1.3378
2060  1.4912
2061  1.5405
2062  1.5283
2063  1.6206
2064  1.7475
2065  1.6474
2066  1.7559
2067  1.8469
2068  1.8147
2069  1.8553
2070  1.7401
2071  1.9051
2072  1.9151
2073  1.9503
2074  2.0050
2075  1.9734
2076  2.0479
2077  2.0588
2078  2.1876
2079  2.2378
2080  2.1722
2081  2.2678
2082  2.2879
2083  2.2801
2084  2.2614
2085  2.2832
2086  2.3741
2087  2.4434
2088  2.5081
2089  2.5513
2090  2.5268
2091  2.6462
2092  2.6915
2093  2.7695
2094  2.7315
2095  2.8079
2096  2.9250
2097  2.9610
2098  2.9419
2099  2.8824
