2007  0.0026
2008  0.0027
2009  0.0028
2010  0.0028
2011  0.0029
2012  0.0029
2013  0.0029
2014  0.0029
2015  0.0029
2016  0.0028
2017  0.0028
2018  0.0027
2019  0.0026
2020  0.0025
2021  0.0024
2022  0.0022
2023  0.0021
2024  0.0018
2025  0.0016
2026  0.0014
2027  0.0012
2028  0.0009
2029  0.0007
2030  0.0004
2031  0.0001
2032 -0.0002
2033 -0.0006
2034 -0.0010
2035 -0.0013
2036 -0.0017
2037 -0.0022
2038 -0.0026
2039 -0.0030
2040 -0.0035
2041 -0.0040
2042 -0.0045
2043 -0.0050
2044 -0.0056
2045 -0.0062
2046 -0.0068
2047 -0.0074
2048 -0.0081
2049 -0.0087
2050 -0.0094
2051 -0.0101
2052 -0.0109
2053 -0.0117
2054 -0.0124
2055 -0.0133
2056 -0.0141
2057 -0.0150
2058 -0.0159
2059 -0.0168
2060 -0.0177
2061 -0.0187
2062 -0.0197
2063 -0.0207
2064 -0.0218
2065 -0.0228
2066 -0.0239
2067 -0.0250
2068 -0.0262
2069 -0.0273
2070 -0.0285
2071 -0.0297
2072 -0.0310
2073 -0.0322
2074 -0.0335
2075 -0.0348
2076 -0.0361
2077 -0.0375
2078 -0.0389
2079 -0.0403
2080 -0.0417
2081 -0.0432
2082 -0.0446
2083 -0.0461
2084 -0.0476
2085 -0.0492
2086 -0.0508
2087 -0.0523
2088 -0.0540
2089 -0.0556
2090 -0.0573
2091 -0.0590
2092 -0.0607
2093 -0.0625
2094 -0.0643
2095 -0.0661
2096 -0.0679
2097 -0.0697
2098 -0.0716
2099 -0.0735
2100 -0.0754
