2007 -0.0001
2008 -0.0001
2009 -0.0002
2010 -0.0003
2011 -0.0004
2012 -0.0005
2013 -0.0006
2014 -0.0007
2015 -0.0008
2016 -0.0010
2017 -0.0011
2018 -0.0012
2019 -0.0014
2020 -0.0015
2021 -0.0017
2022 -0.0019
2023 -0.0020
2024 -0.0022
2025 -0.0024
2026 -0.0026
2027 -0.0029
2028 -0.0031
2029 -0.0033
2030 -0.0035
2031 -0.0038
2032 -0.0040
2033 -0.0042
2034 -0.0045
2035 -0.0047
2036 -0.0050
2037 -0.0053
2038 -0.0056
2039 -0.0059
2040 -0.0062
2041 -0.0065
2042 -0.0069
2043 -0.0072
2044 -0.0076
2045 -0.0079
2046 -0.0083
2047 -0.0087
2048 -0.0090
2049 -0.0094
2050 -0.0098
2051 -0.0103
2052 -0.0107
2053 -0.0111
2054 -0.0116
2055 -0.0121
2056 -0.0126
2057 -0.0130
2058 -0.0135
2059 -0.0141
2060 -0.0146
2061 -0.0151
2062 -0.0157
2063 -0.0163
2064 -0.0168
2065 -0.0174
2066 -0.0180
2067 -0.0187
2068 -0.0193
2069 -0.0199
2070 -0.0206
2071 -0.0212
2072 -0.0219
2073 -0.0226
2074 -0.0233
2075 -0.0240
2076 -0.0247
2077 -0.0254
2078 -0.0262
2079 -0.0269
2080 -0.0277
2081 -0.0285
2082 -0.0293
2083 -0.0301
2084 -0.0309
2085 -0.0317
2086 -0.0325
2087 -0.0334
2088 -0.0342
2089 -0.0351
2090 -0.0360
2091 -0.0369
2092 -0.0378
2093 -0.0387
2094 -0.0397
2095 -0.0406
2096 -0.0415
2097 -0.0425
2098 -0.0435
2099 -0.0445
2100 -0.0455
