2007  0.0080
2008  0.0094
2009  0.0103
2010  0.0112
2011  0.0123
2012  0.0135
2013  0.0151
2014  0.0168
2015  0.0179
2016  0.0192
2017  0.0208
2018  0.0221
2019  0.0239
2020  0.0257
2021  0.0275
2022  0.0288
2023  0.0299
2024  0.0313
2025  0.0332
2026  0.0352
2027  0.0368
2028  0.0384
2029  0.0399
2030  0.0416
2031  0.0436
2032  0.0453
2033  0.0473
2034  0.0493
2035  0.0515
2036  0.0534
2037  0.0554
2038  0.0576
2039  0.0597
2040  0.0617
2041  0.0640
2042  0.0664
2043  0.0689
2044  0.0712
2045  0.0732
2046  0.0751
2047  0.0770
2048  0.0796
2049  0.0823
2050  0.0850
2051  0.0878
2052  0.0906
2053  0.0932
2054  0.0956
2055  0.0980
2056  0.0995
2057  0.1024
2058  0.1068
2059  0.1097
2060  0.1129
2061  0.1160
2062  0.1189
2063  0.1220
2064  0.1250
2065  0.1279
2066  0.1311
2067  0.1343
2068  0.1373
2069  0.1405
2070  0.1437
2071  0.1473
2072  0.1506
2073  0.1537
2074  0.1569
2075  0.1600
2076  0.1636
2077  0.1672
2078  0.1706
2079  0.1739
2080  0.1772
2081  0.1805
2082  0.1838
2083  0.1872
2084  0.1905
2085  0.1937
2086  0.1976
2087  0.2014
2088  0.2047
2089  0.2081
2090  0.2114
2091  0.2150
2092  0.2188
2093  0.2219
2094  0.2255
2095  0.2294
2096  0.2329
2097  0.2362
2098  0.2398
2099  0.2437
2100  0.2471
