2007  0.0019
2008  0.0023
2009  0.0027
2010  0.0031
2011  0.0036
2012  0.0040
2013  0.0045
2014  0.0050
2015  0.0055
2016  0.0060
2017  0.0065
2018  0.0070
2019  0.0076
2020  0.0081
2021  0.0087
2022  0.0092
2023  0.0098
2024  0.0104
2025  0.0110
2026  0.0116
2027  0.0122
2028  0.0129
2029  0.0135
2030  0.0141
2031  0.0148
2032  0.0155
2033  0.0162
2034  0.0169
2035  0.0176
2036  0.0183
2037  0.0190
2038  0.0197
2039  0.0205
2040  0.0213
2041  0.0220
2042  0.0228
2043  0.0236
2044  0.0244
2045  0.0252
2046  0.0260
2047  0.0269
2048  0.0277
2049  0.0286
2050  0.0294
2051  0.0303
2052  0.0312
2053  0.0321
2054  0.0330
2055  0.0339
2056  0.0349
2057  0.0358
2058  0.0368
2059  0.0377
2060  0.0387
2061  0.0397
2062  0.0407
2063  0.0417
2064  0.0427
2065  0.0437
2066  0.0448
2067  0.0458
2068  0.0469
2069  0.0479
2070  0.0490
2071  0.0501
2072  0.0512
2073  0.0523
2074  0.0535
2075  0.0546
2076  0.0557
2077  0.0569
2078  0.0581
2079  0.0592
2080  0.0604
2081  0.0616
2082  0.0628
2083  0.0641
2084  0.0653
2085  0.0665
2086  0.0678
2087  0.0691
2088  0.0703
2089  0.0716
2090  0.0729
2091  0.0742
2092  0.0755
2093  0.0769
2094  0.0782
2095  0.0795
2096  0.0809
2097  0.0823
2098  0.0837
2099  0.0851
2100  0.0865
