2007  0.0315
2008  0.0352
2009  0.0390
2010  0.0426
2011  0.0460
2012  0.0499
2013  0.0541
2014  0.0582
2015  0.0622
2016  0.0665
2017  0.0707
2018  0.0749
2019  0.0792
2020  0.0838
2021  0.0883
2022  0.0928
2023  0.0973
2024  0.1020
2025  0.1069
2026  0.1120
2027  0.1169
2028  0.1217
2029  0.1266
2030  0.1317
2031  0.1371
2032  0.1424
2033  0.1479
2034  0.1532
2035  0.1589
2036  0.1645
2037  0.1703
2038  0.1762
2039  0.1821
2040  0.1880
2041  0.1941
2042  0.2003
2043  0.2066
2044  0.2131
2045  0.2194
2046  0.2257
2047  0.2324
2048  0.2394
2049  0.2464
2050  0.2537
2051  0.2609
2052  0.2681
2053  0.2752
2054  0.2826
2055  0.2900
2056  0.2959
2057  0.3038
2058  0.3135
2059  0.3214
2060  0.3294
2061  0.3376
2062  0.3459
2063  0.3542
2064  0.3629
2065  0.3717
2066  0.3806
2067  0.3895
2068  0.3984
2069  0.4074
2070  0.4166
2071  0.4261
2072  0.4355
2073  0.4449
2074  0.4544
2075  0.4639
2076  0.4736
2077  0.4835
2078  0.4931
2079  0.5030
2080  0.5132
2081  0.5235
2082  0.5336
2083  0.5438
2084  0.5541
2085  0.5648
2086  0.5757
2087  0.5866
2088  0.5975
2089  0.6086
2090  0.6197
2091  0.6307
2092  0.6420
2093  0.6531
2094  0.6646
2095  0.6764
2096  0.6880
2097  0.6999
2098  0.7120
2099  0.7242
2100  0.7362
