2007  0.0016
2008  0.0017
2009  0.0018
2010  0.0019
2011  0.0021
2012  0.0022
2013  0.0023
2014  0.0025
2015  0.0027
2016  0.0028
2017  0.0030
2018  0.0032
2019  0.0034
2020  0.0036
2021  0.0038
2022  0.0041
2023  0.0043
2024  0.0046
2025  0.0049
2026  0.0052
2027  0.0055
2028  0.0058
2029  0.0061
2030  0.0064
2031  0.0068
2032  0.0071
2033  0.0075
2034  0.0078
2035  0.0082
2036  0.0086
2037  0.0090
2038  0.0095
2039  0.0099
2040  0.0104
2041  0.0109
2042  0.0114
2043  0.0119
2044  0.0124
2045  0.0130
2046  0.0136
2047  0.0142
2048  0.0148
2049  0.0155
2050  0.0161
2051  0.0168
2052  0.0175
2053  0.0183
2054  0.0191
2055  0.0199
2056  0.0207
2057  0.0216
2058  0.0225
2059  0.0234
2060  0.0243
2061  0.0253
2062  0.0264
2063  0.0275
2064  0.0285
2065  0.0297
2066  0.0308
2067  0.0321
2068  0.0333
2069  0.0346
2070  0.0359
2071  0.0373
2072  0.0387
2073  0.0401
2074  0.0416
2075  0.0431
2076  0.0446
2077  0.0462
2078  0.0478
2079  0.0495
2080  0.0512
2081  0.0530
2082  0.0547
2083  0.0566
2084  0.0585
2085  0.0604
2086  0.0624
2087  0.0645
2088  0.0665
2089  0.0687
2090  0.0709
2091  0.0731
2092  0.0754
2093  0.0778
2094  0.0802
2095  0.0827
2096  0.0852
2097  0.0878
2098  0.0905
2099  0.0932
2100  0.0960
