2007  0.0049
2008  0.0059
2009  0.0069
2010  0.0080
2011  0.0091
2012  0.0102
2013  0.0113
2014  0.0125
2015  0.0138
2016  0.0150
2017  0.0163
2018  0.0176
2019  0.0190
2020  0.0204
2021  0.0218
2022  0.0232
2023  0.0247
2024  0.0263
2025  0.0278
2026  0.0294
2027  0.0310
2028  0.0327
2029  0.0343
2030  0.0361
2031  0.0378
2032  0.0396
2033  0.0414
2034  0.0433
2035  0.0452
2036  0.0471
2037  0.0491
2038  0.0511
2039  0.0531
2040  0.0551
2041  0.0572
2042  0.0593
2043  0.0615
2044  0.0637
2045  0.0659
2046  0.0682
2047  0.0705
2048  0.0728
2049  0.0751
2050  0.0775
2051  0.0799
2052  0.0824
2053  0.0849
2054  0.0874
2055  0.0900
2056  0.0926
2057  0.0952
2058  0.0979
2059  0.1005
2060  0.1033
2061  0.1060
2062  0.1088
2063  0.1117
2064  0.1145
2065  0.1174
2066  0.1203
2067  0.1233
2068  0.1263
2069  0.1293
2070  0.1324
2071  0.1355
2072  0.1386
2073  0.1418
2074  0.1450
2075  0.1482
2076  0.1515
2077  0.1548
2078  0.1581
2079  0.1615
2080  0.1649
2081  0.1683
2082  0.1718
2083  0.1753
2084  0.1788
2085  0.1824
2086  0.1860
2087  0.1896
2088  0.1933
2089  0.1970
2090  0.2007
2091  0.2045
2092  0.2083
2093  0.2121
2094  0.2160
2095  0.2199
2096  0.2239
2097  0.2278
2098  0.2318
2099  0.2359
2100  0.2399
