2007  0.0031
2008  0.0036
2009  0.0042
2010  0.0049
2011  0.0055
2012  0.0062
2013  0.0069
2014  0.0076
2015  0.0083
2016  0.0091
2017  0.0098
2018  0.0106
2019  0.0115
2020  0.0123
2021  0.0132
2022  0.0140
2023  0.0149
2024  0.0159
2025  0.0168
2026  0.0177
2027  0.0187
2028  0.0197
2029  0.0207
2030  0.0218
2031  0.0229
2032  0.0240
2033  0.0251
2034  0.0262
2035  0.0273
2036  0.0285
2037  0.0297
2038  0.0309
2039  0.0321
2040  0.0334
2041  0.0347
2042  0.0359
2043  0.0373
2044  0.0386
2045  0.0399
2046  0.0413
2047  0.0427
2048  0.0441
2049  0.0455
2050  0.0469
2051  0.0484
2052  0.0499
2053  0.0514
2054  0.0529
2055  0.0544
2056  0.0560
2057  0.0575
2058  0.0591
2059  0.0607
2060  0.0623
2061  0.0640
2062  0.0657
2063  0.0673
2064  0.0690
2065  0.0707
2066  0.0724
2067  0.0742
2068  0.0759
2069  0.0777
2070  0.0795
2071  0.0813
2072  0.0832
2073  0.0850
2074  0.0869
2075  0.0888
2076  0.0907
2077  0.0927
2078  0.0946
2079  0.0965
2080  0.0985
2081  0.1005
2082  0.1025
2083  0.1046
2084  0.1066
2085  0.1087
2086  0.1108
2087  0.1130
2088  0.1151
2089  0.1172
2090  0.1194
2091  0.1216
2092  0.1238
2093  0.1261
2094  0.1283
2095  0.1306
2096  0.1329
2097  0.1352
2098  0.1375
2099  0.1398
2100  0.1422
