2007  0.0027
2008  0.0029
2009  0.0031
2010  0.0033
2011  0.0034
2012  0.0036
2013  0.0037
2014  0.0039
2015  0.0040
2016  0.0041
2017  0.0042
2018  0.0043
2019  0.0044
2020  0.0045
2021  0.0046
2022  0.0047
2023  0.0047
2024  0.0047
2025  0.0048
2026  0.0048
2027  0.0048
2028  0.0048
2029  0.0048
2030  0.0048
2031  0.0048
2032  0.0048
2033  0.0047
2034  0.0047
2035  0.0046
2036  0.0045
2037  0.0045
2038  0.0044
2039  0.0043
2040  0.0042
2041  0.0041
2042  0.0039
2043  0.0038
2044  0.0037
2045  0.0035
2046  0.0033
2047  0.0032
2048  0.0030
2049  0.0028
2050  0.0026
2051  0.0024
2052  0.0022
2053  0.0019
2054  0.0017
2055  0.0014
2056  0.0012
2057  0.0009
2058  0.0006
2059  0.0004
2060  0.0001
2061 -0.0002
2062 -0.0006
2063 -0.0009
2064 -0.0012
2065 -0.0016
2066 -0.0019
2067 -0.0023
2068 -0.0026
2069 -0.0030
2070 -0.0034
2071 -0.0038
2072 -0.0042
2073 -0.0046
2074 -0.0051
2075 -0.0055
2076 -0.0059
2077 -0.0064
2078 -0.0069
2079 -0.0073
2080 -0.0078
2081 -0.0083
2082 -0.0088
2083 -0.0093
2084 -0.0099
2085 -0.0104
2086 -0.0109
2087 -0.0115
2088 -0.0120
2089 -0.0126
2090 -0.0132
2091 -0.0138
2092 -0.0144
2093 -0.0150
2094 -0.0156
2095 -0.0162
2096 -0.0169
2097 -0.0175
2098 -0.0182
2099 -0.0188
2100 -0.0195
