2007  0.0047
2008  0.0054
2009  0.0062
2010  0.0070
2011  0.0078
2012  0.0086
2013  0.0094
2014  0.0102
2015  0.0111
2016  0.0120
2017  0.0128
2018  0.0137
2019  0.0147
2020  0.0156
2021  0.0165
2022  0.0175
2023  0.0184
2024  0.0194
2025  0.0204
2026  0.0215
2027  0.0225
2028  0.0236
2029  0.0246
2030  0.0257
2031  0.0268
2032  0.0279
2033  0.0290
2034  0.0301
2035  0.0312
2036  0.0324
2037  0.0336
2038  0.0348
2039  0.0360
2040  0.0372
2041  0.0385
2042  0.0397
2043  0.0410
2044  0.0423
2045  0.0436
2046  0.0449
2047  0.0462
2048  0.0476
2049  0.0489
2050  0.0503
2051  0.0516
2052  0.0530
2053  0.0545
2054  0.0559
2055  0.0573
2056  0.0588
2057  0.0602
2058  0.0617
2059  0.0632
2060  0.0647
2061  0.0662
2062  0.0678
2063  0.0693
2064  0.0709
2065  0.0725
2066  0.0741
2067  0.0757
2068  0.0773
2069  0.0790
2070  0.0806
2071  0.0823
2072  0.0840
2073  0.0857
2074  0.0874
2075  0.0891
2076  0.0909
2077  0.0926
2078  0.0944
2079  0.0962
2080  0.0980
2081  0.0998
2082  0.1016
2083  0.1035
2084  0.1053
2085  0.1072
2086  0.1091
2087  0.1110
2088  0.1129
2089  0.1148
2090  0.1168
2091  0.1188
2092  0.1207
2093  0.1227
2094  0.1247
2095  0.1267
2096  0.1288
2097  0.1309
2098  0.1329
2099  0.1350
2100  0.1372
