2007  0.0098
2008  0.0099
2009  0.0100
2010  0.0100
2011  0.0100
2012  0.0101
2013  0.0105
2014  0.0109
2015  0.0113
2016  0.0117
2017  0.0123
2018  0.0128
2019  0.0131
2020  0.0134
2021  0.0138
2022  0.0144
2023  0.0150
2024  0.0155
2025  0.0160
2026  0.0167
2027  0.0175
2028  0.0181
2029  0.0188
2030  0.0196
2031  0.0202
2032  0.0208
2033  0.0214
2034  0.0220
2035  0.0228
2036  0.0236
2037  0.0244
2038  0.0253
2039  0.0261
2040  0.0270
2041  0.0279
2042  0.0287
2043  0.0296
2044  0.0305
2045  0.0315
2046  0.0326
2047  0.0335
2048  0.0343
2049  0.0353
2050  0.0363
2051  0.0373
2052  0.0383
2053  0.0393
2054  0.0403
2055  0.0414
2056  0.0425
2057  0.0436
2058  0.0447
2059  0.0458
2060  0.0469
2061  0.0481
2062  0.0493
2063  0.0505
2064  0.0518
2065  0.0531
2066  0.0543
2067  0.0556
2068  0.0570
2069  0.0583
2070  0.0596
2071  0.0608
2072  0.0622
2073  0.0635
2074  0.0648
2075  0.0662
2076  0.0675
2077  0.0688
2078  0.0702
2079  0.0716
2080  0.0731
2081  0.0744
2082  0.0759
2083  0.0773
2084  0.0788
2085  0.0802
2086  0.0816
2087  0.0830
2088  0.0845
2089  0.0860
2090  0.0875
2091  0.0890
2092  0.0905
2093  0.0921
2094  0.0937
2095  0.0953
2096  0.0968
2097  0.0985
2098  0.1001
2099  0.1018
2100  0.1034
