2007  0.0374
2008  0.0428
2009  0.0481
2010  0.0534
2011  0.0576
2012  0.0623
2013  0.0671
2014  0.0713
2015  0.0764
2016  0.0809
2017  0.0851
2018  0.0900
2019  0.0955
2020  0.1008
2021  0.1058
2022  0.1110
2023  0.1161
2024  0.1215
2025  0.1268
2026  0.1324
2027  0.1381
2028  0.1435
2029  0.1495
2030  0.1557
2031  0.1615
2032  0.1681
2033  0.1744
2034  0.1802
2035  0.1867
2036  0.1930
2037  0.1998
2038  0.2069
2039  0.2138
2040  0.2203
2041  0.2271
2042  0.2345
2043  0.2420
2044  0.2490
2045  0.2564
2046  0.2642
2047  0.2720
2048  0.2800
2049  0.2882
2050  0.2961
2051  0.3041
2052  0.3119
2053  0.3206
2054  0.3290
2055  0.3374
2056  0.3459
2057  0.3546
2058  0.3640
2059  0.3732
2060  0.3823
2061  0.3907
2062  0.3997
2063  0.4089
2064  0.4182
2065  0.4278
2066  0.4371
2067  0.4472
2068  0.4568
2069  0.4663
2070  0.4761
2071  0.4864
2072  0.4960
2073  0.5061
2074  0.5159
2075  0.5261
2076  0.5366
2077  0.5471
2078  0.5571
2079  0.5672
2080  0.5779
2081  0.5888
2082  0.5997
2083  0.6105
2084  0.6212
2085  0.6322
2086  0.6433
2087  0.6542
2088  0.6658
2089  0.6770
2090  0.6879
2091  0.6993
2092  0.7107
2093  0.7225
2094  0.7341
2095  0.7457
2096  0.7569
2097  0.7687
2098  0.7806
2099  0.7926
2100  0.8044
