2007  0.0028
2008  0.0032
2009  0.0035
2010  0.0039
2011  0.0042
2012  0.0046
2013  0.0049
2014  0.0053
2015  0.0057
2016  0.0061
2017  0.0064
2018  0.0068
2019  0.0072
2020  0.0076
2021  0.0080
2022  0.0084
2023  0.0088
2024  0.0092
2025  0.0096
2026  0.0100
2027  0.0105
2028  0.0109
2029  0.0113
2030  0.0117
2031  0.0121
2032  0.0126
2033  0.0130
2034  0.0134
2035  0.0138
2036  0.0143
2037  0.0147
2038  0.0151
2039  0.0156
2040  0.0160
2041  0.0164
2042  0.0169
2043  0.0173
2044  0.0177
2045  0.0182
2046  0.0186
2047  0.0191
2048  0.0195
2049  0.0199
2050  0.0204
2051  0.0208
2052  0.0213
2053  0.0217
2054  0.0221
2055  0.0226
2056  0.0230
2057  0.0235
2058  0.0240
2059  0.0244
2060  0.0249
2061  0.0254
2062  0.0258
2063  0.0263
2064  0.0267
2065  0.0272
2066  0.0277
2067  0.0281
2068  0.0285
2069  0.0290
2070  0.0295
2071  0.0300
2072  0.0304
2073  0.0309
2074  0.0314
2075  0.0319
2076  0.0324
2077  0.0329
2078  0.0334
2079  0.0339
2080  0.0344
2081  0.0349
2082  0.0353
2083  0.0358
2084  0.0363
2085  0.0368
2086  0.0374
2087  0.0379
2088  0.0384
2089  0.0389
2090  0.0395
2091  0.0400
2092  0.0406
2093  0.0411
2094  0.0417
2095  0.0422
2096  0.0428
2097  0.0434
2098  0.0439
2099  0.0445
2100  0.0451
