2007  0.0133
2008  0.0156
2009  0.0177
2010  0.0200
2011  0.0218
2012  0.0235
2013  0.0253
2014  0.0271
2015  0.0287
2016  0.0303
2017  0.0318
2018  0.0335
2019  0.0352
2020  0.0370
2021  0.0388
2022  0.0405
2023  0.0422
2024  0.0440
2025  0.0458
2026  0.0477
2027  0.0496
2028  0.0514
2029  0.0531
2030  0.0549
2031  0.0568
2032  0.0587
2033  0.0607
2034  0.0627
2035  0.0646
2036  0.0666
2037  0.0685
2038  0.0705
2039  0.0726
2040  0.0747
2041  0.0766
2042  0.0787
2043  0.0809
2044  0.0831
2045  0.0854
2046  0.0876
2047  0.0898
2048  0.0921
2049  0.0945
2050  0.0968
2051  0.0991
2052  0.1014
2053  0.1038
2054  0.1062
2055  0.1087
2056  0.1112
2057  0.1136
2058  0.1160
2059  0.1186
2060  0.1211
2061  0.1235
2062  0.1260
2063  0.1286
2064  0.1312
2065  0.1337
2066  0.1363
2067  0.1390
2068  0.1416
2069  0.1442
2070  0.1468
2071  0.1495
2072  0.1521
2073  0.1548
2074  0.1574
2075  0.1601
2076  0.1628
2077  0.1655
2078  0.1682
2079  0.1709
2080  0.1736
2081  0.1763
2082  0.1791
2083  0.1818
2084  0.1846
2085  0.1873
2086  0.1901
2087  0.1928
2088  0.1956
2089  0.1983
2090  0.2010
2091  0.2037
2092  0.2065
2093  0.2093
2094  0.2121
2095  0.2149
2096  0.2176
2097  0.2204
2098  0.2232
2099  0.2260
2100  0.2289
