2007  0.0309
2008  0.0347
2009  0.0384
2010  0.0422
2011  0.0455
2012  0.0494
2013  0.0531
2014  0.0565
2015  0.0603
2016  0.0638
2017  0.0675
2018  0.0711
2019  0.0752
2020  0.0792
2021  0.0831
2022  0.0872
2023  0.0911
2024  0.0953
2025  0.0996
2026  0.1039
2027  0.1085
2028  0.1128
2029  0.1176
2030  0.1223
2031  0.1267
2032  0.1317
2033  0.1366
2034  0.1414
2035  0.1465
2036  0.1515
2037  0.1567
2038  0.1622
2039  0.1677
2040  0.1727
2041  0.1783
2042  0.1838
2043  0.1897
2044  0.1954
2045  0.2011
2046  0.2071
2047  0.2130
2048  0.2192
2049  0.2254
2050  0.2314
2051  0.2377
2052  0.2438
2053  0.2502
2054  0.2565
2055  0.2629
2056  0.2694
2057  0.2758
2058  0.2826
2059  0.2894
2060  0.2961
2061  0.3026
2062  0.3093
2063  0.3163
2064  0.3234
2065  0.3304
2066  0.3373
2067  0.3447
2068  0.3518
2069  0.3589
2070  0.3661
2071  0.3736
2072  0.3810
2073  0.3883
2074  0.3955
2075  0.4030
2076  0.4105
2077  0.4182
2078  0.4258
2079  0.4332
2080  0.4409
2081  0.4490
2082  0.4570
2083  0.4647
2084  0.4725
2085  0.4803
2086  0.4882
2087  0.4961
2088  0.5042
2089  0.5122
2090  0.5202
2091  0.5284
2092  0.5366
2093  0.5450
2094  0.5532
2095  0.5614
2096  0.5693
2097  0.5777
2098  0.5858
2099  0.5941
2100  0.6024
