2007  0.0017
2008  0.0020
2009  0.0023
2010  0.0027
2011  0.0030
2012  0.0034
2013  0.0038
2014  0.0041
2015  0.0045
2016  0.0049
2017  0.0053
2018  0.0057
2019  0.0062
2020  0.0066
2021  0.0072
2022  0.0077
2023  0.0082
2024  0.0087
2025  0.0093
2026  0.0099
2027  0.0106
2028  0.0112
2029  0.0118
2030  0.0124
2031  0.0132
2032  0.0139
2033  0.0147
2034  0.0155
2035  0.0163
2036  0.0171
2037  0.0179
2038  0.0188
2039  0.0198
2040  0.0207
2041  0.0216
2042  0.0226
2043  0.0237
2044  0.0248
2045  0.0259
2046  0.0271
2047  0.0283
2048  0.0296
2049  0.0309
2050  0.0322
2051  0.0336
2052  0.0349
2053  0.0364
2054  0.0379
2055  0.0395
2056  0.0411
2057  0.0427
2058  0.0444
2059  0.0462
2060  0.0479
2061  0.0496
2062  0.0514
2063  0.0534
2064  0.0553
2065  0.0571
2066  0.0591
2067  0.0613
2068  0.0634
2069  0.0655
2070  0.0676
2071  0.0699
2072  0.0722
2073  0.0745
2074  0.0768
2075  0.0792
2076  0.0816
2077  0.0840
2078  0.0866
2079  0.0891
2080  0.0917
2081  0.0943
2082  0.0971
2083  0.0997
2084  0.1025
2085  0.1052
2086  0.1081
2087  0.1110
2088  0.1139
2089  0.1168
2090  0.1197
2091  0.1225
2092  0.1255
2093  0.1287
2094  0.1319
2095  0.1350
2096  0.1381
2097  0.1414
2098  0.1446
2099  0.1479
2100  0.1515
