2007  0.0034
2008  0.0038
2009  0.0043
2010  0.0047
2011  0.0052
2012  0.0057
2013  0.0062
2014  0.0067
2015  0.0072
2016  0.0077
2017  0.0082
2018  0.0088
2019  0.0093
2020  0.0099
2021  0.0104
2022  0.0110
2023  0.0116
2024  0.0122
2025  0.0128
2026  0.0134
2027  0.0141
2028  0.0147
2029  0.0154
2030  0.0160
2031  0.0167
2032  0.0174
2033  0.0182
2034  0.0189
2035  0.0196
2036  0.0204
2037  0.0211
2038  0.0220
2039  0.0228
2040  0.0236
2041  0.0244
2042  0.0253
2043  0.0262
2044  0.0271
2045  0.0280
2046  0.0290
2047  0.0299
2048  0.0309
2049  0.0319
2050  0.0329
2051  0.0339
2052  0.0350
2053  0.0361
2054  0.0372
2055  0.0383
2056  0.0395
2057  0.0406
2058  0.0417
2059  0.0429
2060  0.0441
2061  0.0453
2062  0.0466
2063  0.0479
2064  0.0492
2065  0.0505
2066  0.0518
2067  0.0533
2068  0.0547
2069  0.0561
2070  0.0575
2071  0.0589
2072  0.0604
2073  0.0619
2074  0.0635
2075  0.0650
2076  0.0665
2077  0.0681
2078  0.0697
2079  0.0714
2080  0.0730
2081  0.0747
2082  0.0764
2083  0.0781
2084  0.0799
2085  0.0817
2086  0.0835
2087  0.0853
2088  0.0871
2089  0.0889
2090  0.0907
2091  0.0926
2092  0.0944
2093  0.0964
2094  0.0984
2095  0.1003
2096  0.1023
2097  0.1043
2098  0.1063
2099  0.1084
2100  0.1105
