2007  0.0015
2008  0.0015
2009  0.0016
2010  0.0016
2011  0.0016
2012  0.0016
2013  0.0017
2014  0.0018
2015  0.0018
2016  0.0019
2017  0.0019
2018  0.0020
2019  0.0020
2020  0.0021
2021  0.0021
2022  0.0022
2023  0.0023
2024  0.0023
2025  0.0024
2026  0.0025
2027  0.0026
2028  0.0027
2029  0.0028
2030  0.0029
2031  0.0030
2032  0.0031
2033  0.0033
2034  0.0034
2035  0.0035
2036  0.0037
2037  0.0038
2038  0.0040
2039  0.0041
2040  0.0043
2041  0.0045
2042  0.0047
2043  0.0049
2044  0.0051
2045  0.0053
2046  0.0055
2047  0.0057
2048  0.0059
2049  0.0061
2050  0.0064
2051  0.0066
2052  0.0069
2053  0.0071
2054  0.0074
2055  0.0076
2056  0.0079
2057  0.0082
2058  0.0084
2059  0.0087
2060  0.0090
2061  0.0093
2062  0.0096
2063  0.0099
2064  0.0103
2065  0.0107
2066  0.0110
2067  0.0114
2068  0.0118
2069  0.0122
2070  0.0125
2071  0.0129
2072  0.0133
2073  0.0137
2074  0.0142
2075  0.0146
2076  0.0150
2077  0.0155
2078  0.0159
2079  0.0164
2080  0.0169
2081  0.0173
2082  0.0179
2083  0.0184
2084  0.0189
2085  0.0194
2086  0.0200
2087  0.0205
2088  0.0210
2089  0.0216
2090  0.0221
2091  0.0227
2092  0.0233
2093  0.0239
2094  0.0245
2095  0.0251
2096  0.0257
2097  0.0264
2098  0.0270
2099  0.0277
2100  0.0283
