2007  0.0004
2008  0.0008
2009  0.0011
2010  0.0015
2011  0.0019
2012  0.0023
2013  0.0027
2014  0.0031
2015  0.0035
2016  0.0039
2017  0.0043
2018  0.0047
2019  0.0051
2020  0.0055
2021  0.0059
2022  0.0064
2023  0.0068
2024  0.0072
2025  0.0076
2026  0.0080
2027  0.0085
2028  0.0089
2029  0.0093
2030  0.0098
2031  0.0102
2032  0.0106
2033  0.0111
2034  0.0115
2035  0.0119
2036  0.0124
2037  0.0128
2038  0.0133
2039  0.0137
2040  0.0142
2041  0.0146
2042  0.0151
2043  0.0156
2044  0.0160
2045  0.0165
2046  0.0170
2047  0.0174
2048  0.0179
2049  0.0184
2050  0.0188
2051  0.0193
2052  0.0198
2053  0.0203
2054  0.0208
2055  0.0213
2056  0.0217
2057  0.0222
2058  0.0227
2059  0.0232
2060  0.0237
2061  0.0242
2062  0.0247
2063  0.0252
2064  0.0257
2065  0.0262
2066  0.0268
2067  0.0273
2068  0.0278
2069  0.0283
2070  0.0288
2071  0.0293
2072  0.0299
2073  0.0304
2074  0.0309
2075  0.0315
2076  0.0320
2077  0.0325
2078  0.0331
2079  0.0336
2080  0.0341
2081  0.0347
2082  0.0352
2083  0.0358
2084  0.0363
2085  0.0369
2086  0.0374
2087  0.0380
2088  0.0386
2089  0.0391
2090  0.0397
2091  0.0402
2092  0.0408
2093  0.0414
2094  0.0420
2095  0.0425
2096  0.0431
2097  0.0437
2098  0.0443
2099  0.0449
2100  0.0454
