2007 -0.0001
2008 -0.0002
2009 -0.0002
2010 -0.0003
2011 -0.0004
2012 -0.0005
2013 -0.0006
2014 -0.0007
2015 -0.0009
2016 -0.0010
2017 -0.0011
2018 -0.0012
2019 -0.0013
2020 -0.0015
2021 -0.0016
2022 -0.0018
2023 -0.0019
2024 -0.0021
2025 -0.0022
2026 -0.0024
2027 -0.0026
2028 -0.0028
2029 -0.0030
2030 -0.0032
2031 -0.0034
2032 -0.0036
2033 -0.0038
2034 -0.0041
2035 -0.0043
2036 -0.0046
2037 -0.0048
2038 -0.0051
2039 -0.0054
2040 -0.0056
2041 -0.0059
2042 -0.0062
2043 -0.0065
2044 -0.0069
2045 -0.0072
2046 -0.0075
2047 -0.0079
2048 -0.0082
2049 -0.0086
2050 -0.0089
2051 -0.0093
2052 -0.0097
2053 -0.0101
2054 -0.0105
2055 -0.0109
2056 -0.0113
2057 -0.0117
2058 -0.0121
2059 -0.0126
2060 -0.0130
2061 -0.0135
2062 -0.0139
2063 -0.0144
2064 -0.0149
2065 -0.0154
2066 -0.0158
2067 -0.0164
2068 -0.0169
2069 -0.0174
2070 -0.0179
2071 -0.0185
2072 -0.0190
2073 -0.0195
2074 -0.0201
2075 -0.0207
2076 -0.0212
2077 -0.0218
2078 -0.0224
2079 -0.0230
2080 -0.0235
2081 -0.0241
2082 -0.0248
2083 -0.0254
2084 -0.0260
2085 -0.0266
2086 -0.0273
2087 -0.0279
2088 -0.0285
2089 -0.0292
2090 -0.0298
2091 -0.0305
2092 -0.0311
2093 -0.0318
2094 -0.0325
2095 -0.0332
2096 -0.0339
2097 -0.0346
2098 -0.0353
2099 -0.0360
2100 -0.0367
