2006  0.0496
2007  0.0054
2008  0.0787
2009 -0.0365
2010 -0.0009
2011  0.0543
2012  0.1268
2013  0.1715
2014  0.1974
2015  0.1098
2016  0.2125
2017  0.1264
2018  0.0729
2019  0.1330
2020  0.0988
2021  0.1988
2022  0.2173
2023  0.2688
2024  0.2870
2025  0.2957
2026  0.3465
2027  0.3308
2028  0.3997
2029  0.4591
2030  0.3412
2031  0.3805
2032  0.4789
2033  0.5580
2034  0.5027
2035  0.5077
2036  0.5383
2037  0.6208
2038  0.6478
2039  0.7160
2040  0.7756
2041  0.7286
2042  0.7859
2043  0.8138
2044  0.8636
2045  0.8099
2046  0.7286
2047  0.8243
2048  0.9015
2049  0.8901
2050  0.9546
2051  1.0167
2052  0.9303
2053  1.0127
2054  1.0629
2055  1.1179
2056  0.9802
2057  0.9553
2058  0.9442
2059  1.1239
2060  1.2037
2061  1.1829
2062  1.1817
2063  1.3127
2064  1.3981
2065  1.3141
2066  1.3514
2067  1.4266
2068  1.3654
2069  1.3835
2070  1.3695
2071  1.5415
2072  1.4804
2073  1.4653
2074  1.5505
2075  1.5628
2076  1.5443
2077  1.5860
2078  1.6612
2079  1.6578
2080  1.6263
2081  1.8322
2082  1.8166
2083  1.7693
2084  1.8384
2085  1.8306
2086  1.7967
2087  1.7648
2088  1.8314
2089  1.9674
2090  1.9277
2091  1.9374
2092  1.9617
2093  2.0357
2094  1.9934
2095  2.0334
2096  2.1172
2097  2.0929
2098  2.0560
2099  1.9954
