2007  0.0016
2008  0.0017
2009  0.0018
2010  0.0020
2011  0.0021
2012  0.0022
2013  0.0024
2014  0.0025
2015  0.0027
2016  0.0029
2017  0.0030
2018  0.0032
2019  0.0034
2020  0.0036
2021  0.0038
2022  0.0040
2023  0.0042
2024  0.0044
2025  0.0047
2026  0.0049
2027  0.0052
2028  0.0054
2029  0.0057
2030  0.0060
2031  0.0063
2032  0.0066
2033  0.0069
2034  0.0073
2035  0.0076
2036  0.0080
2037  0.0083
2038  0.0087
2039  0.0091
2040  0.0095
2041  0.0100
2042  0.0104
2043  0.0109
2044  0.0114
2045  0.0119
2046  0.0124
2047  0.0129
2048  0.0134
2049  0.0140
2050  0.0146
2051  0.0152
2052  0.0158
2053  0.0164
2054  0.0171
2055  0.0178
2056  0.0185
2057  0.0192
2058  0.0199
2059  0.0206
2060  0.0213
2061  0.0221
2062  0.0229
2063  0.0237
2064  0.0245
2065  0.0254
2066  0.0263
2067  0.0272
2068  0.0281
2069  0.0290
2070  0.0300
2071  0.0309
2072  0.0320
2073  0.0330
2074  0.0340
2075  0.0350
2076  0.0361
2077  0.0372
2078  0.0383
2079  0.0394
2080  0.0405
2081  0.0417
2082  0.0429
2083  0.0441
2084  0.0454
2085  0.0466
2086  0.0479
2087  0.0492
2088  0.0504
2089  0.0517
2090  0.0530
2091  0.0544
2092  0.0557
2093  0.0571
2094  0.0585
2095  0.0599
2096  0.0613
2097  0.0628
2098  0.0643
2099  0.0658
2100  0.0673
