2007  0.0035
2008  0.0042
2009  0.0048
2010  0.0055
2011  0.0062
2012  0.0069
2013  0.0076
2014  0.0084
2015  0.0091
2016  0.0098
2017  0.0106
2018  0.0114
2019  0.0122
2020  0.0131
2021  0.0139
2022  0.0148
2023  0.0157
2024  0.0167
2025  0.0176
2026  0.0186
2027  0.0197
2028  0.0207
2029  0.0217
2030  0.0227
2031  0.0238
2032  0.0250
2033  0.0262
2034  0.0273
2035  0.0286
2036  0.0298
2037  0.0310
2038  0.0324
2039  0.0337
2040  0.0351
2041  0.0364
2042  0.0378
2043  0.0393
2044  0.0409
2045  0.0425
2046  0.0441
2047  0.0457
2048  0.0474
2049  0.0492
2050  0.0509
2051  0.0527
2052  0.0545
2053  0.0565
2054  0.0585
2055  0.0605
2056  0.0626
2057  0.0646
2058  0.0667
2059  0.0689
2060  0.0711
2061  0.0733
2062  0.0756
2063  0.0780
2064  0.0804
2065  0.0827
2066  0.0852
2067  0.0878
2068  0.0904
2069  0.0930
2070  0.0956
2071  0.0984
2072  0.1012
2073  0.1040
2074  0.1068
2075  0.1097
2076  0.1126
2077  0.1156
2078  0.1186
2079  0.1216
2080  0.1247
2081  0.1279
2082  0.1311
2083  0.1343
2084  0.1376
2085  0.1409
2086  0.1443
2087  0.1477
2088  0.1512
2089  0.1546
2090  0.1580
2091  0.1614
2092  0.1649
2093  0.1687
2094  0.1724
2095  0.1761
2096  0.1797
2097  0.1836
2098  0.1874
2099  0.1913
2100  0.1954
