2007  0.0098
2008  0.0099
2009  0.0102
2010  0.0101
2011  0.0101
2012  0.0103
2013  0.0107
2014  0.0112
2015  0.0116
2016  0.0119
2017  0.0124
2018  0.0126
2019  0.0128
2020  0.0131
2021  0.0132
2022  0.0136
2023  0.0140
2024  0.0145
2025  0.0150
2026  0.0156
2027  0.0161
2028  0.0167
2029  0.0173
2030  0.0180
2031  0.0185
2032  0.0191
2033  0.0197
2034  0.0205
2035  0.0212
2036  0.0219
2037  0.0226
2038  0.0233
2039  0.0241
2040  0.0250
2041  0.0259
2042  0.0267
2043  0.0276
2044  0.0285
2045  0.0294
2046  0.0303
2047  0.0310
2048  0.0318
2049  0.0328
2050  0.0336
2051  0.0346
2052  0.0355
2053  0.0364
2054  0.0374
2055  0.0383
2056  0.0393
2057  0.0402
2058  0.0410
2059  0.0419
2060  0.0428
2061  0.0439
2062  0.0448
2063  0.0458
2064  0.0469
2065  0.0480
2066  0.0491
2067  0.0501
2068  0.0512
2069  0.0523
2070  0.0533
2071  0.0544
2072  0.0555
2073  0.0566
2074  0.0577
2075  0.0588
2076  0.0599
2077  0.0610
2078  0.0622
2079  0.0633
2080  0.0644
2081  0.0656
2082  0.0668
2083  0.0680
2084  0.0692
2085  0.0704
2086  0.0716
2087  0.0727
2088  0.0738
2089  0.0750
2090  0.0763
2091  0.0775
2092  0.0786
2093  0.0799
2094  0.0811
2095  0.0824
2096  0.0836
2097  0.0848
2098  0.0861
2099  0.0873
2100  0.0885
