2007  0.0005
2008  0.0010
2009  0.0015
2010  0.0021
2011  0.0026
2012  0.0032
2013  0.0038
2014  0.0044
2015  0.0050
2016  0.0056
2017  0.0062
2018  0.0069
2019  0.0075
2020  0.0082
2021  0.0089
2022  0.0096
2023  0.0103
2024  0.0110
2025  0.0118
2026  0.0125
2027  0.0133
2028  0.0141
2029  0.0149
2030  0.0157
2031  0.0165
2032  0.0173
2033  0.0182
2034  0.0190
2035  0.0199
2036  0.0208
2037  0.0217
2038  0.0226
2039  0.0235
2040  0.0245
2041  0.0254
2042  0.0264
2043  0.0274
2044  0.0284
2045  0.0294
2046  0.0304
2047  0.0315
2048  0.0325
2049  0.0336
2050  0.0347
2051  0.0358
2052  0.0369
2053  0.0380
2054  0.0391
2055  0.0403
2056  0.0414
2057  0.0426
2058  0.0438
2059  0.0450
2060  0.0462
2061  0.0474
2062  0.0487
2063  0.0499
2064  0.0512
2065  0.0525
2066  0.0538
2067  0.0551
2068  0.0564
2069  0.0578
2070  0.0591
2071  0.0605
2072  0.0618
2073  0.0632
2074  0.0646
2075  0.0661
2076  0.0675
2077  0.0689
2078  0.0704
2079  0.0719
2080  0.0734
2081  0.0749
2082  0.0764
2083  0.0779
2084  0.0794
2085  0.0810
2086  0.0826
2087  0.0841
2088  0.0857
2089  0.0873
2090  0.0890
2091  0.0906
2092  0.0922
2093  0.0939
2094  0.0956
2095  0.0973
2096  0.0990
2097  0.1007
2098  0.1024
2099  0.1042
2100  0.1059
