2007  0.0003
2008  0.0005
2009  0.0008
2010  0.0010
2011  0.0012
2012  0.0015
2013  0.0017
2014  0.0019
2015  0.0021
2016  0.0022
2017  0.0024
2018  0.0026
2019  0.0027
2020  0.0029
2021  0.0030
2022  0.0031
2023  0.0033
2024  0.0034
2025  0.0035
2026  0.0036
2027  0.0037
2028  0.0037
2029  0.0038
2030  0.0038
2031  0.0039
2032  0.0039
2033  0.0040
2034  0.0040
2035  0.0040
2036  0.0040
2037  0.0040
2038  0.0040
2039  0.0039
2040  0.0039
2041  0.0038
2042  0.0038
2043  0.0037
2044  0.0037
2045  0.0036
2046  0.0035
2047  0.0034
2048  0.0033
2049  0.0032
2050  0.0030
2051  0.0029
2052  0.0027
2053  0.0026
2054  0.0024
2055  0.0022
2056  0.0021
2057  0.0019
2058  0.0017
2059  0.0015
2060  0.0012
2061  0.0010
2062  0.0008
2063  0.0005
2064  0.0003
2065  0.0000
2066 -0.0003
2067 -0.0006
2068 -0.0008
2069 -0.0011
2070 -0.0015
2071 -0.0018
2072 -0.0021
2073 -0.0024
2074 -0.0028
2075 -0.0031
2076 -0.0035
2077 -0.0039
2078 -0.0043
2079 -0.0047
2080 -0.0051
2081 -0.0055
2082 -0.0059
2083 -0.0063
2084 -0.0068
2085 -0.0072
2086 -0.0077
2087 -0.0081
2088 -0.0086
2089 -0.0091
2090 -0.0096
2091 -0.0101
2092 -0.0106
2093 -0.0111
2094 -0.0117
2095 -0.0122
2096 -0.0128
2097 -0.0133
2098 -0.0139
2099 -0.0145
2100 -0.0150
