2007 -0.0002
2008 -0.0004
2009 -0.0006
2010 -0.0009
2011 -0.0011
2012 -0.0013
2013 -0.0016
2014 -0.0019
2015 -0.0021
2016 -0.0024
2017 -0.0026
2018 -0.0029
2019 -0.0032
2020 -0.0035
2021 -0.0039
2022 -0.0042
2023 -0.0046
2024 -0.0049
2025 -0.0053
2026 -0.0057
2027 -0.0061
2028 -0.0065
2029 -0.0069
2030 -0.0073
2031 -0.0078
2032 -0.0083
2033 -0.0088
2034 -0.0092
2035 -0.0097
2036 -0.0102
2037 -0.0107
2038 -0.0113
2039 -0.0119
2040 -0.0124
2041 -0.0130
2042 -0.0135
2043 -0.0142
2044 -0.0148
2045 -0.0155
2046 -0.0161
2047 -0.0168
2048 -0.0175
2049 -0.0182
2050 -0.0189
2051 -0.0197
2052 -0.0204
2053 -0.0211
2054 -0.0220
2055 -0.0228
2056 -0.0236
2057 -0.0244
2058 -0.0253
2059 -0.0261
2060 -0.0270
2061 -0.0279
2062 -0.0288
2063 -0.0297
2064 -0.0306
2065 -0.0315
2066 -0.0325
2067 -0.0335
2068 -0.0345
2069 -0.0354
2070 -0.0364
2071 -0.0375
2072 -0.0385
2073 -0.0396
2074 -0.0406
2075 -0.0417
2076 -0.0427
2077 -0.0438
2078 -0.0449
2079 -0.0461
2080 -0.0472
2081 -0.0483
2082 -0.0495
2083 -0.0506
2084 -0.0518
2085 -0.0530
2086 -0.0542
2087 -0.0554
2088 -0.0566
2089 -0.0578
2090 -0.0590
2091 -0.0602
2092 -0.0614
2093 -0.0626
2094 -0.0639
2095 -0.0651
2096 -0.0664
2097 -0.0677
2098 -0.0689
2099 -0.0702
2100 -0.0716
