2007  0.0114
2008  0.0125
2009  0.0137
2010  0.0148
2011  0.0157
2012  0.0167
2013  0.0177
2014  0.0188
2015  0.0198
2016  0.0207
2017  0.0217
2018  0.0226
2019  0.0236
2020  0.0246
2021  0.0256
2022  0.0267
2023  0.0277
2024  0.0288
2025  0.0300
2026  0.0311
2027  0.0323
2028  0.0334
2029  0.0345
2030  0.0357
2031  0.0369
2032  0.0382
2033  0.0395
2034  0.0408
2035  0.0421
2036  0.0433
2037  0.0446
2038  0.0460
2039  0.0474
2040  0.0487
2041  0.0501
2042  0.0515
2043  0.0530
2044  0.0545
2045  0.0561
2046  0.0576
2047  0.0590
2048  0.0606
2049  0.0622
2050  0.0637
2051  0.0653
2052  0.0669
2053  0.0685
2054  0.0702
2055  0.0719
2056  0.0736
2057  0.0752
2058  0.0768
2059  0.0785
2060  0.0802
2061  0.0819
2062  0.0837
2063  0.0854
2064  0.0872
2065  0.0890
2066  0.0907
2067  0.0926
2068  0.0944
2069  0.0962
2070  0.0980
2071  0.0999
2072  0.1018
2073  0.1036
2074  0.1055
2075  0.1073
2076  0.1092
2077  0.1111
2078  0.1130
2079  0.1149
2080  0.1168
2081  0.1187
2082  0.1207
2083  0.1226
2084  0.1245
2085  0.1265
2086  0.1284
2087  0.1304
2088  0.1323
2089  0.1343
2090  0.1362
2091  0.1381
2092  0.1401
2093  0.1421
2094  0.1441
2095  0.1461
2096  0.1480
2097  0.1500
2098  0.1520
2099  0.1540
2100  0.1560
