2007  0.0032
2008  0.0036
2009  0.0039
2010  0.0042
2011  0.0046
2012  0.0049
2013  0.0053
2014  0.0056
2015  0.0060
2016  0.0063
2017  0.0067
2018  0.0071
2019  0.0074
2020  0.0078
2021  0.0081
2022  0.0085
2023  0.0089
2024  0.0093
2025  0.0097
2026  0.0101
2027  0.0105
2028  0.0110
2029  0.0114
2030  0.0118
2031  0.0123
2032  0.0127
2033  0.0132
2034  0.0136
2035  0.0141
2036  0.0146
2037  0.0151
2038  0.0156
2039  0.0161
2040  0.0166
2041  0.0171
2042  0.0177
2043  0.0182
2044  0.0188
2045  0.0194
2046  0.0199
2047  0.0205
2048  0.0211
2049  0.0217
2050  0.0223
2051  0.0229
2052  0.0235
2053  0.0241
2054  0.0248
2055  0.0255
2056  0.0261
2057  0.0268
2058  0.0274
2059  0.0281
2060  0.0288
2061  0.0295
2062  0.0302
2063  0.0310
2064  0.0317
2065  0.0325
2066  0.0332
2067  0.0340
2068  0.0348
2069  0.0356
2070  0.0364
2071  0.0372
2072  0.0381
2073  0.0389
2074  0.0397
2075  0.0406
2076  0.0415
2077  0.0424
2078  0.0432
2079  0.0441
2080  0.0451
2081  0.0460
2082  0.0469
2083  0.0479
2084  0.0489
2085  0.0499
2086  0.0508
2087  0.0518
2088  0.0528
2089  0.0538
2090  0.0548
2091  0.0559
2092  0.0569
2093  0.0580
2094  0.0590
2095  0.0601
2096  0.0612
2097  0.0623
2098  0.0634
2099  0.0645
2100  0.0656
