2007  0.0238
2008  0.0260
2009  0.0281
2010  0.0299
2011  0.0322
2012  0.0352
2013  0.0380
2014  0.0407
2015  0.0433
2016  0.0458
2017  0.0493
2018  0.0515
2019  0.0540
2020  0.0569
2021  0.0596
2022  0.0626
2023  0.0653
2024  0.0685
2025  0.0718
2026  0.0750
2027  0.0785
2028  0.0818
2029  0.0856
2030  0.0889
2031  0.0921
2032  0.0955
2033  0.0992
2034  0.1031
2035  0.1070
2036  0.1108
2037  0.1146
2038  0.1185
2039  0.1228
2040  0.1265
2041  0.1309
2042  0.1347
2043  0.1392
2044  0.1437
2045  0.1480
2046  0.1523
2047  0.1565
2048  0.1608
2049  0.1653
2050  0.1696
2051  0.1743
2052  0.1789
2053  0.1831
2054  0.1876
2055  0.1922
2056  0.1969
2057  0.2012
2058  0.2056
2059  0.2102
2060  0.2147
2061  0.2195
2062  0.2241
2063  0.2290
2064  0.2342
2065  0.2388
2066  0.2433
2067  0.2485
2068  0.2533
2069  0.2581
2070  0.2630
2071  0.2680
2072  0.2734
2073  0.2782
2074  0.2831
2075  0.2881
2076  0.2929
2077  0.2981
2078  0.3035
2079  0.3085
2080  0.3136
2081  0.3190
2082  0.3244
2083  0.3294
2084  0.3347
2085  0.3396
2086  0.3446
2087  0.3497
2088  0.3545
2089  0.3598
2090  0.3650
2091  0.3703
2092  0.3758
2093  0.3809
2094  0.3861
2095  0.3911
2096  0.3962
2097  0.4016
2098  0.4062
2099  0.4111
2100  0.4162
