2007  0.0127
2008  0.0142
2009  0.0155
2010  0.0169
2011  0.0180
2012  0.0197
2013  0.0211
2014  0.0222
2015  0.0237
2016  0.0250
2017  0.0265
2018  0.0278
2019  0.0295
2020  0.0312
2021  0.0327
2022  0.0344
2023  0.0358
2024  0.0375
2025  0.0392
2026  0.0409
2027  0.0428
2028  0.0445
2029  0.0467
2030  0.0487
2031  0.0504
2032  0.0526
2033  0.0546
2034  0.0565
2035  0.0587
2036  0.0608
2037  0.0631
2038  0.0655
2039  0.0679
2040  0.0698
2041  0.0723
2042  0.0746
2043  0.0773
2044  0.0796
2045  0.0820
2046  0.0846
2047  0.0872
2048  0.0899
2049  0.0926
2050  0.0951
2051  0.0978
2052  0.1003
2053  0.1030
2054  0.1056
2055  0.1083
2056  0.1110
2057  0.1136
2058  0.1167
2059  0.1197
2060  0.1225
2061  0.1251
2062  0.1278
2063  0.1307
2064  0.1338
2065  0.1367
2066  0.1394
2067  0.1426
2068  0.1454
2069  0.1482
2070  0.1512
2071  0.1544
2072  0.1574
2073  0.1603
2074  0.1631
2075  0.1661
2076  0.1691
2077  0.1723
2078  0.1752
2079  0.1781
2080  0.1812
2081  0.1845
2082  0.1878
2083  0.1907
2084  0.1937
2085  0.1967
2086  0.1998
2087  0.2028
2088  0.2059
2089  0.2091
2090  0.2121
2091  0.2153
2092  0.2186
2093  0.2218
2094  0.2249
2095  0.2280
2096  0.2309
2097  0.2340
2098  0.2369
2099  0.2400
2100  0.2429
