2007  0.0026
2008  0.0027
2009  0.0027
2010  0.0028
2011  0.0028
2012  0.0029
2013  0.0029
2014  0.0029
2015  0.0028
2016  0.0028
2017  0.0028
2018  0.0028
2019  0.0027
2020  0.0026
2021  0.0025
2022  0.0024
2023  0.0023
2024  0.0021
2025  0.0019
2026  0.0017
2027  0.0015
2028  0.0013
2029  0.0011
2030  0.0009
2031  0.0006
2032  0.0003
2033  0.0000
2034 -0.0003
2035 -0.0007
2036 -0.0010
2037 -0.0014
2038 -0.0018
2039 -0.0022
2040 -0.0026
2041 -0.0030
2042 -0.0035
2043 -0.0040
2044 -0.0045
2045 -0.0050
2046 -0.0056
2047 -0.0062
2048 -0.0067
2049 -0.0074
2050 -0.0080
2051 -0.0086
2052 -0.0093
2053 -0.0100
2054 -0.0107
2055 -0.0114
2056 -0.0121
2057 -0.0129
2058 -0.0137
2059 -0.0145
2060 -0.0153
2061 -0.0161
2062 -0.0169
2063 -0.0178
2064 -0.0187
2065 -0.0196
2066 -0.0205
2067 -0.0215
2068 -0.0224
2069 -0.0234
2070 -0.0244
2071 -0.0254
2072 -0.0265
2073 -0.0275
2074 -0.0286
2075 -0.0296
2076 -0.0307
2077 -0.0318
2078 -0.0330
2079 -0.0341
2080 -0.0353
2081 -0.0365
2082 -0.0377
2083 -0.0389
2084 -0.0401
2085 -0.0413
2086 -0.0426
2087 -0.0439
2088 -0.0452
2089 -0.0465
2090 -0.0478
2091 -0.0491
2092 -0.0504
2093 -0.0518
2094 -0.0532
2095 -0.0546
2096 -0.0559
2097 -0.0574
2098 -0.0588
2099 -0.0602
2100 -0.0617
