2006  0.6555
2007  0.6617
2008  0.7033
2009  0.8747
2010  0.7813
2011  0.7933
2012  0.8253
2013  0.8672
2014  0.8038
2015  0.8414
2016  0.8413
2017  0.9355
2018  1.0615
2019  1.0693
2020  1.1349
2021  1.0924
2022  1.1194
2023  1.2150
2024  1.2479
2025  1.2814
2026  1.3130
2027  1.2910
2028  1.2305
2029  1.3083
2030  1.4958
2031  1.4941
2032  1.5489
2033  1.5142
2034  1.5933
2035  1.5720
2036  1.5753
2037  1.7435
2038  1.7737
2039  1.7098
2040  1.6437
2041  1.8557
2042  1.8957
2043  1.9667
2044  2.0089
2045  2.0543
2046  2.1143
2047  2.1918
2048  2.2292
2049  2.2231
2050  2.2568
2051  2.2526
2052  2.4081
2053  2.4782
2054  2.5112
2055  2.5332
2056  2.5593
2057  2.6093
2058  2.7626
2059  2.6481
2060  2.6721
2061  2.7194
2062  2.8842
2063  2.8088
2064  2.7353
2065  2.8795
2066  3.0586
2067  2.9834
2068  2.9786
2069  3.0517
2070  3.1852
2071  3.1173
2072  3.1704
2073  3.2043
2074  3.2087
2075  3.2244
2076  3.3150
2077  3.3334
2078  3.3028
2079  3.3838
2080  3.4803
2081  3.4104
2082  3.4275
2083  3.5345
2084  3.4508
2085  3.6025
2086  3.5957
2087  3.6305
2088  3.5773
2089  3.5218
2090  3.5875
2091  3.6224
2092  3.7863
2093  3.7766
2094  3.7432
2095  3.7042
2096  3.8091
2097  3.8077
2098  3.8850
2099  4.0579
