2007  0.0180
2008  0.0200
2009  0.0221
2010  0.0240
2011  0.0252
2012  0.0269
2013  0.0287
2014  0.0298
2015  0.0321
2016  0.0337
2017  0.0349
2018  0.0368
2019  0.0391
2020  0.0412
2021  0.0429
2022  0.0449
2023  0.0467
2024  0.0487
2025  0.0506
2026  0.0527
2027  0.0548
2028  0.0566
2029  0.0593
2030  0.0620
2031  0.0640
2032  0.0669
2033  0.0693
2034  0.0713
2035  0.0738
2036  0.0762
2037  0.0791
2038  0.0821
2039  0.0847
2040  0.0872
2041  0.0899
2042  0.0930
2043  0.0962
2044  0.0986
2045  0.1014
2046  0.1046
2047  0.1077
2048  0.1110
2049  0.1143
2050  0.1174
2051  0.1205
2052  0.1233
2053  0.1269
2054  0.1300
2055  0.1332
2056  0.1363
2057  0.1397
2058  0.1439
2059  0.1476
2060  0.1512
2061  0.1540
2062  0.1574
2063  0.1608
2064  0.1642
2065  0.1683
2066  0.1718
2067  0.1758
2068  0.1793
2069  0.1828
2070  0.1865
2071  0.1905
2072  0.1937
2073  0.1975
2074  0.2007
2075  0.2045
2076  0.2087
2077  0.2126
2078  0.2157
2079  0.2192
2080  0.2232
2081  0.2272
2082  0.2313
2083  0.2352
2084  0.2388
2085  0.2430
2086  0.2471
2087  0.2508
2088  0.2553
2089  0.2594
2090  0.2632
2091  0.2674
2092  0.2714
2093  0.2758
2094  0.2798
2095  0.2841
2096  0.2878
2097  0.2919
2098  0.2964
2099  0.3009
2100  0.3045
