2006  0.3526
2007  0.3336
2008  0.3910
2009  0.4191
2010  0.3902
2011  0.4238
2012  0.4761
2013  0.5193
2014  0.5006
2015  0.4756
2016  0.5269
2017  0.5309
2018  0.5672
2019  0.6011
2020  0.6168
2021  0.6456
2022  0.6683
2023  0.7419
2024  0.7675
2025  0.7886
2026  0.8297
2027  0.8109
2028  0.8151
2029  0.8837
2030  0.9185
2031  0.9373
2032  1.0139
2033  1.0361
2034  1.0480
2035  1.0399
2036  1.0568
2037  1.1822
2038  1.2107
2039  1.2129
2040  1.2097
2041  1.2921
2042  1.3408
2043  1.3903
2044  1.4363
2045  1.4321
2046  1.4214
2047  1.5080
2048  1.5653
2049  1.5566
2050  1.6057
2051  1.6346
2052  1.6692
2053  1.7455
2054  1.7871
2055  1.8255
2056  1.7698
2057  1.7823
2058  1.8534
2059  1.8860
2060  1.9379
2061  1.9511
2062  2.0329
2063  2.0607
2064  2.0667
2065  2.0968
2066  2.2050
2067  2.2050
2068  2.1720
2069  2.2176
2070  2.2774
2071  2.3294
2072  2.3254
2073  2.3348
2074  2.3796
2075  2.3936
2076  2.4297
2077  2.4597
2078  2.4820
2079  2.5208
2080  2.5533
2081  2.6213
2082  2.6221
2083  2.6519
2084  2.6446
2085  2.7166
2086  2.6962
2087  2.6977
2088  2.7044
2089  2.7446
2090  2.7576
2091  2.7799
2092  2.8740
2093  2.9061
2094  2.8683
2095  2.8688
2096  2.9631
2097  2.9503
2098  2.9705
2099  3.0267
