2007  0.0017
2008  0.0019
2009  0.0021
2010  0.0024
2011  0.0026
2012  0.0028
2013  0.0030
2014  0.0032
2015  0.0035
2016  0.0037
2017  0.0039
2018  0.0041
2019  0.0043
2020  0.0045
2021  0.0047
2022  0.0049
2023  0.0051
2024  0.0053
2025  0.0055
2026  0.0057
2027  0.0059
2028  0.0061
2029  0.0063
2030  0.0065
2031  0.0067
2032  0.0069
2033  0.0070
2034  0.0072
2035  0.0074
2036  0.0076
2037  0.0078
2038  0.0079
2039  0.0081
2040  0.0083
2041  0.0084
2042  0.0086
2043  0.0088
2044  0.0089
2045  0.0091
2046  0.0093
2047  0.0094
2048  0.0096
2049  0.0098
2050  0.0099
2051  0.0101
2052  0.0102
2053  0.0104
2054  0.0105
2055  0.0107
2056  0.0108
2057  0.0109
2058  0.0111
2059  0.0112
2060  0.0114
2061  0.0115
2062  0.0116
2063  0.0118
2064  0.0119
2065  0.0120
2066  0.0122
2067  0.0123
2068  0.0124
2069  0.0125
2070  0.0126
2071  0.0128
2072  0.0129
2073  0.0130
2074  0.0131
2075  0.0132
2076  0.0133
2077  0.0134
2078  0.0135
2079  0.0136
2080  0.0138
2081  0.0139
2082  0.0140
2083  0.0141
2084  0.0141
2085  0.0142
2086  0.0143
2087  0.0144
2088  0.0145
2089  0.0146
2090  0.0147
2091  0.0148
2092  0.0149
2093  0.0149
2094  0.0150
2095  0.0151
2096  0.0152
2097  0.0152
2098  0.0153
2099  0.0154
2100  0.0155
