2007  0.0074
2008  0.0084
2009  0.0089
2010  0.0098
2011  0.0109
2012  0.0125
2013  0.0136
2014  0.0146
2015  0.0153
2016  0.0164
2017  0.0181
2018  0.0188
2019  0.0199
2020  0.0213
2021  0.0226
2022  0.0239
2023  0.0250
2024  0.0263
2025  0.0279
2026  0.0292
2027  0.0308
2028  0.0324
2029  0.0342
2030  0.0354
2031  0.0368
2032  0.0383
2033  0.0399
2034  0.0417
2035  0.0436
2036  0.0454
2037  0.0471
2038  0.0489
2039  0.0510
2040  0.0525
2041  0.0546
2042  0.0561
2043  0.0584
2044  0.0607
2045  0.0626
2046  0.0646
2047  0.0666
2048  0.0687
2049  0.0708
2050  0.0727
2051  0.0751
2052  0.0774
2053  0.0791
2054  0.0812
2055  0.0835
2056  0.0856
2057  0.0876
2058  0.0895
2059  0.0918
2060  0.0937
2061  0.0961
2062  0.0982
2063  0.1006
2064  0.1033
2065  0.1050
2066  0.1069
2067  0.1093
2068  0.1115
2069  0.1137
2070  0.1159
2071  0.1183
2072  0.1211
2073  0.1231
2074  0.1254
2075  0.1277
2076  0.1295
2077  0.1320
2078  0.1348
2079  0.1369
2080  0.1391
2081  0.1417
2082  0.1442
2083  0.1462
2084  0.1487
2085  0.1504
2086  0.1524
2087  0.1547
2088  0.1565
2089  0.1588
2090  0.1610
2091  0.1633
2092  0.1659
2093  0.1679
2094  0.1700
2095  0.1719
2096  0.1740
2097  0.1761
2098  0.1775
2099  0.1791
2100  0.1813
