2007  0.0031
2008  0.0036
2009  0.0042
2010  0.0049
2011  0.0055
2012  0.0062
2013  0.0069
2014  0.0076
2015  0.0083
2016  0.0091
2017  0.0098
2018  0.0107
2019  0.0115
2020  0.0123
2021  0.0132
2022  0.0141
2023  0.0150
2024  0.0160
2025  0.0169
2026  0.0179
2027  0.0189
2028  0.0199
2029  0.0210
2030  0.0220
2031  0.0231
2032  0.0242
2033  0.0253
2034  0.0265
2035  0.0276
2036  0.0288
2037  0.0301
2038  0.0313
2039  0.0325
2040  0.0338
2041  0.0351
2042  0.0364
2043  0.0377
2044  0.0390
2045  0.0404
2046  0.0418
2047  0.0432
2048  0.0446
2049  0.0461
2050  0.0475
2051  0.0490
2052  0.0505
2053  0.0521
2054  0.0536
2055  0.0552
2056  0.0568
2057  0.0584
2058  0.0601
2059  0.0617
2060  0.0634
2061  0.0651
2062  0.0668
2063  0.0685
2064  0.0703
2065  0.0721
2066  0.0739
2067  0.0757
2068  0.0775
2069  0.0794
2070  0.0812
2071  0.0831
2072  0.0851
2073  0.0870
2074  0.0890
2075  0.0910
2076  0.0930
2077  0.0950
2078  0.0971
2079  0.0992
2080  0.1012
2081  0.1034
2082  0.1055
2083  0.1076
2084  0.1098
2085  0.1120
2086  0.1143
2087  0.1165
2088  0.1188
2089  0.1211
2090  0.1234
2091  0.1258
2092  0.1281
2093  0.1305
2094  0.1329
2095  0.1354
2096  0.1378
2097  0.1403
2098  0.1428
2099  0.1453
2100  0.1479
